0 0.402369 0.468568
1 0.547745 0.469668
2 0.533486 0.511279
3 0.769011 0.45131
4 0.493057 0.523868
5 0.714677 0.623555
6 0.471888 0.508213
7 0.482866 0.460072
8 0.498845 0.50996
9 0.518125 0.488723
10 0.484273 0.557509
11 0.519475 0.456396
12 0.478244 0.528913
13 0.477919 0.54655
14 0.565379 0.450931
15 0.518125 0.488723
16 0.577435 0.549689
17 0.514105 0.460396
18 0.674063 0.33547
19 0.529484 0.467065
20 0.611785 0.496239
21 0.458409 0.616305
22 0.482229 0.447552
23 0.566826 0.438402
24 0.518125 0.488723
25 0.557028 0.446549
26 0.535521 0.46245
27 0.585841 0.457221
28 0.575758 0.430219
29 0.533047 0.477047
30 0.514068 0.519666
31 0.518125 0.488723
32 0.534904 0.533893
33 0.604085 0.450492
34 0.512687 0.548251
35 0.518125 0.488723
36 0.490746 0.41381
37 0.569023 0.469288
38 0.543688 0.465445
39 0.518125 0.488723
40 0.517548 0.487482
41 0.563639 0.457198
42 0.495749 0.500735
43 0.554557 0.450078
44 0.516625 0.382409
45 0.507685 0.353575
46 0.515437 0.585086
47 0.570171 0.529692
48 0.502996 0.490513
49 0.458796 0.442071
50 0.401331 0.477717
51 0.660338 0.308552
52 0.504489 0.481602
53 0.51594 0.485356
54 0.588243 0.438588
55 0.483525 0.498737
56 0.428065 0.517752
57 0.534324 0.462741
58 0.558745 0.501956
59 0.406437 0.580754
60 0.280924 0.807014
61 0.51864 0.490677
62 0.549778 0.461676
63 0.5243 0.475108
64 0.474213 0.459123
65 0.477989 0.47087
66 0.445525 0.42793
67 0.461207 0.536582
68 0.491923 0.476403
69 0.476336 0.509003
70 0.438889 0.540289
71 0.491822 0.479918
72 0.511346 0.475191
73 0.51707 0.483971
74 0.584519 0.542424
75 0.518125 0.488723
76 0.472209 0.44476
77 0.404127 0.508812
78 0.553871 0.525255
79 0.537668 0.47366
80 0.558916 0.557189
81 0.485232 0.531742
82 0.549206 0.458844
83 0.422121 0.547037
84 0.58334 0.504051
85 0.478684 0.449608
86 0.530307 0.429756
87 0.447121 0.535514
88 0.525117 0.526782
89 0.378876 0.458893
90 0.517424 0.503155
91 0.556117 0.499608
92 0.506085 0.503924
93 0.518125 0.488723
94 0.519454 0.399213
95 0.465583 0.435775
96 0.538682 0.506612
97 0.407718 0.467258
98 0.502969 0.487277
99 0.546298 0.525726
100 0.429157 0.462033
101 0.537559 0.548634
102 0.765495 0.787034
103 0.554186 0.507153
104 0.647868 0.3966
105 0.507037 0.494788
106 0.625035 0.360328
107 0.464311 0.424692
108 0.481958 0.600051
109 0.228915 0.277417
110 0.55542 0.457433
111 0.505389 0.579784
112 0.493473 0.262121
113 0.423638 0.571851
114 0.546383 0.533667
115 0.516717 0.474712
116 0.62499 0.449312
117 0.518125 0.488723
118 0.518125 0.488723
119 0.635214 0.519366
120 0.545788 0.524742
121 0.511015 0.607253
122 0.5273 0.512627
123 0.446263 0.563101
124 0.578873 0.411078
125 0.569001 0.525459
126 0.487775 0.488945
127 0.57575 0.417783
128 0.458889 0.430351
129 0.549128 0.611726
130 0.518125 0.488723
131 0.408481 0.443884
132 0.569191 0.530951
133 0.497654 0.537412
134 0.511483 0.504782
135 0.505508 0.53752
136 0.608334 0.416872
137 0.571174 0.429007
138 0.552913 0.456508
139 0.556916 0.462283
140 0.519377 0.526548
141 0.553682 0.443197
142 0.518125 0.488723
143 0.372023 0.512734
144 0.462019 0.562003
145 0.485851 0.465879
146 0.534581 0.507607
147 0.488169 0.502684
148 0.521724 0.414731
149 0.566416 0.437896
150 0.555379 0.412781
151 0.518125 0.488723
152 0.595763 0.412747
153 0.50817 0.445288
154 0.477512 0.52929
155 0.462692 0.586761
156 0.55032 0.472454
157 0.467892 0.518535
158 0.647868 0.3966
159 0.478443 0.563184
160 0.509467 0.399253
161 0.572065 0.552316
162 0.570587 0.540754
163 0.518125 0.488723
164 0.388012 0.449784
165 0.518125 0.488723
166 0.498953 0.429702
167 0.587902 0.44383
168 0.5788 0.562992
169 0.48871 0.551727
170 0.480921 0.539206
171 0.544998 0.462493
172 0.518125 0.488723
173 0.448845 0.535104
174 0.518125 0.488723
175 0.57264 0.485523
176 0.540215 0.515382
177 0.496873 0.509609
178 0.498045 0.476864
179 0.542547 0.433339
180 0.560937 0.492992
181 0.477265 0.502423
182 0.433269 0.453105
183 0.509375 0.499909
184 0.534284 0.509291
185 0.408438 0.39509
186 0.483134 0.458887
187 0.531295 0.518714
188 0.602787 0.328842
189 0.51398 0.491181
190 0.59027 0.580793
191 0.543319 0.528374
192 0.441281 0.559958
193 0.557062 0.376434
194 0.556019 0.600328
195 0.606959 0.440566
196 0.528934 0.482052
197 0.547886 0.458716
198 0.60197 0.614581
199 0.490054 0.575169
200 0.509495 0.527916
201 0.563306 0.477809
202 0.553165 0.517122
203 0.531133 0.482907
204 0.475786 0.443296
205 0.526051 0.438277
206 0.557896 0.510828
207 0.478538 0.43826
208 0.55491 0.538267
209 0.518125 0.488723
210 0.475951 0.431055
211 0.35359 0.439447
212 0.518495 0.575632
213 0.435976 0.561039
214 0.62606 0.451758
215 0.411508 0.488572
216 0.538897 0.508776
217 0.538963 0.468275
218 0.53992 0.469702
219 0.567742 0.52725
220 0.557118 0.563182
221 0.518125 0.488723
222 0.527039 0.343042
223 0.488709 0.518543
224 0.559456 0.51192
225 0.47709 0.483711
226 0.682369 0.661426
227 0.518125 0.488723
228 0.425328 0.469404
229 0.518125 0.488723
230 0.518125 0.488723
231 0.566151 0.533112
232 0.534876 0.505256
233 0.437415 0.4197
234 0.58593 0.53319
235 0.558886 0.533703
236 0.469396 0.532756
237 0.60985 0.467526
238 0.589495 0.483076
239 0.495502 0.502672
240 0.488932 0.4772
241 0.518125 0.488723
242 0.448492 0.465294
243 0.44953 0.55502
244 0.510432 0.493378
245 0.518125 0.488723
246 0.539569 0.485996
247 0.725779 0.753959
248 0.681748 0.675972
249 0.576576 0.438857
250 0.534467 0.501032
251 0.53693 0.437184
252 0.286152 0.291267
253 0.496923 0.514343
254 0.506338 0.461902
255 0.265623 0.223409
256 0.485414 0.497818
257 0.328989 0.72054
258 0.518125 0.488723
259 0.429504 0.504267
260 0.486403 0.459419
261 0.548909 0.458583
262 0.541541 0.546556
263 0.43268 0.429246
264 0.518125 0.488723
265 0.46642 0.306652
266 0.675687 0.356786
267 0.282742 0.565219
268 0.476624 0.502585
269 0.501348 0.449303
270 0.496098 0.489743
271 0.499589 0.519709
272 0.54695 0.447172
273 0.560763 0.473568
274 0.518772 0.537666
275 0.531191 0.472261
276 0.263843 0.545281
277 0.455947 0.455763
278 0.574 0.42392
279 0.450923 0.418656
280 0.563448 0.464623
281 0.631257 0.350085
282 0.521264 0.477598
283 0.518125 0.488723
284 0.570852 0.481921
285 0.538103 0.502665
286 0.496277 0.452536
287 0.457395 0.566733
288 0.483133 0.447983
289 0.504318 0.472412
290 0.53219 0.505778
291 0.560859 0.458381
292 0.514705 0.480482
293 0.432538 0.412017
294 0.518125 0.488723
295 0.445525 0.42793
296 0.514701 0.483059
297 0.47021 0.381029
298 0.459417 0.546959
299 0.538782 0.510505
300 0.511864 0.473475
301 0.513443 0.495785
302 0.44146 0.544246
303 0.49016 0.40444
304 0.532154 0.503315
305 0.555286 0.533845
306 0.445953 0.497243
307 0.541513 0.490762
308 0.518125 0.488723
309 0.536184 0.499089
310 0.52298 0.486559
311 0.518125 0.488723
312 0.510574 0.457327
313 0.490842 0.545429
314 0.58897 0.608248
315 0.570134 0.366432
316 0.410258 0.474798
317 0.716128 0.742122
318 0.522776 0.510343
319 0.582366 0.446318
320 0.487233 0.519085
321 0.62014 0.435739
322 0.536444 0.468809
323 0.624997 0.564676
324 0.347879 0.349716
325 0.495991 0.64167
326 0.486757 0.505988
327 0.582206 0.448451
328 0.5422 0.564264
329 0.481784 0.521924
330 0.582457 0.487382
331 0.566074 0.53543
332 0.518125 0.488723
333 0.570434 0.446479
334 0.572891 0.50194
335 0.446905 0.410671
336 0.557963 0.51867
337 0.558215 0.529375
338 0.539932 0.450413
339 0.430432 0.592983
340 0.507959 0.4852
341 0.583238 0.424579
342 0.560423 0.4542
343 0.488146 0.486484
344 0.500984 0.434659
345 0.518125 0.488723
346 0.518125 0.488723
347 0.490521 0.455513
348 0.52655 0.502195
349 0.495302 0.444676
350 0.459597 0.43293
351 0.518125 0.488723
352 0.518125 0.488723
353 0.572017 0.511892
354 0.495813 0.548665
355 0.518125 0.488723
356 0.518125 0.488723
357 0.551365 0.474831
358 0.550731 0.509575
359 0.518125 0.488723
360 0.414996 0.520568
361 0.604381 0.526371
362 0.499813 0.508154
363 0.50629 0.483609
364 0.487343 0.516199
365 0.409211 0.354079
366 0.546764 0.500482
367 0.583116 0.542852
368 0.422604 0.294163
369 0.461153 0.508758
370 0.748526 0.252338
371 0.486292 0.461716
372 0.511029 0.589329
373 0.433697 0.428624
374 0.462321 0.403621
375 0.56408 0.453036
376 0.532717 0.530485
377 0.51822 0.533444
378 0.517885 0.474576
379 0.586443 0.542607
380 0.55059 0.516561
381 0.535832 0.503868
382 0.622594 0.386841
383 0.518125 0.488723
384 0.520996 0.480371
385 0.460555 0.430656
386 0.373459 0.566225
387 0.518125 0.488723
388 0.539125 0.539855
389 0.592717 0.49382
390 0.465216 0.4632
391 0.577903 0.523971
392 0.497826 0.445146
393 0.518125 0.488723
394 0.507765 0.509101
395 0.48869 0.523611
396 0.501665 0.463378
397 0.552897 0.550601
398 0.559627 0.52919
399 0.479361 0.541401
400 0.584348 0.303726
401 0.34422 0.65224
402 0.32274 0.405708
403 0.509841 0.483228
404 0.212659 0.75662
405 0.508795 0.448863
406 0.518125 0.488723
407 0.504706 0.498215
408 0.48916 0.46654
409 0.565302 0.455131
410 0.518125 0.488723
411 0.567878 0.52785
412 0.533217 0.481786
413 0.500491 0.475444
414 0.540961 0.5104
415 0.427488 0.571043
416 0.61754 0.448963
417 0.502801 0.453966
418 0.438324 0.489094
419 0.645328 0.436135
420 0.561762 0.536054
421 0.550717 0.56509
422 0.489744 0.591053
423 0.509625 0.486286
424 0.530285 0.547881
425 0.478235 0.493945
426 0.518125 0.488723
427 0.467277 0.540301
428 0.53279 0.5057
429 0.559591 0.52333
430 0.415322 0.479643
431 0.539621 0.432703
432 0.558347 0.532634
433 0.511399 0.454868
434 0.464786 0.54986
435 0.555448 0.531775
436 0.518125 0.488723
437 0.498575 0.575669
438 0.559357 0.444671
439 0.467863 0.432407
440 0.518125 0.488723
441 0.588975 0.432571
442 0.548956 0.465953
443 0.421848 0.467966
444 0.505494 0.532671
445 0.533378 0.474222
446 0.518125 0.488723
447 0.503832 0.519542
448 0.591256 0.390706
449 0.546474 0.545637
450 0.54931 0.520437
451 0.546559 0.470715
452 0.511274 0.484884
453 0.474317 0.583406
454 0.460692 0.462165
455 0.530704 0.502112
456 0.466555 0.580901
457 0.556202 0.533958
458 0.538064 0.503708
459 0.560997 0.445765
460 0.55695 0.613109
461 0.516025 0.458314
462 0.462582 0.443135
463 0.466266 0.539649
464 0.530049 0.470392
465 0.49126 0.457537
466 0.513606 0.484665
467 0.525849 0.496515
468 0.535744 0.580261
469 0.596186 0.459365
470 0.536588 0.423119
471 0.481921 0.470081
472 0.720302 0.26452
473 0.500601 0.491251
474 0.531305 0.499094
475 0.43568 0.33772
476 0.46493 0.446034
477 0.391816 0.50678
478 0.499981 0.495155
479 0.587381 0.552928
480 0.568988 0.431435
481 0.555814 0.52607
482 0.558478 0.495044
483 0.48968 0.584932
484 0.43076 0.544473
485 0.577461 0.428083
486 0.402944 0.420983
487 0.496491 0.452339
488 0.621101 0.601152
489 0.483995 0.450753
490 0.556176 0.551739
491 0.46757 0.448459
492 0.518125 0.488723
493 0.490023 0.480172
494 0.59919 0.465343
495 0.518125 0.488723
496 0.558869 0.487644
497 0.530517 0.547202
498 0.580485 0.490253
499 0.493444 0.472442
500 0.575275 0.425983
501 0.494431 0.464408
502 0.395135 0.433643
503 0.536567 0.484583
504 0.479419 0.566506
505 0.577951 0.547142
506 0.548998 0.54948
507 0.492639 0.529726
508 0.518125 0.488723
509 0.552066 0.470866
510 0.45089 0.572981
511 0.56091 0.449989
512 0.518125 0.488723
513 0.452244 0.42819
514 0.518125 0.488723
515 0.526948 0.489375
516 0.467638 0.441829
517 0.384539 0.438413
518 0.505577 0.498208
519 0.513091 0.486018
520 0.638384 0.483171
521 0.484581 0.516211
522 0.521664 0.467148
523 0.451972 0.548655
524 0.500835 0.474817
525 0.514257 0.525584
526 0.456965 0.54342
527 0.532559 0.492145
528 0.520249 0.475846
529 0.520705 0.502366
530 0.540356 0.515566
531 0.56059 0.455317
532 0.412441 0.530471
533 0.508363 0.520066
534 0.492562 0.508188
535 0.515153 0.496077
536 0.498206 0.498519
537 0.566881 0.549546
538 0.547623 0.58786
539 0.518125 0.488723
540 0.558992 0.528591
541 0.615775 0.433187
542 0.519739 0.442068
543 0.625644 0.447315
544 0.544013 0.446633
545 0.534432 0.504775
546 0.462545 0.537701
547 0.475541 0.53149
548 0.46635 0.409817
549 0.426412 0.189621
550 0.518125 0.488723
551 0.518125 0.488723
552 0.504253 0.494496
553 0.60603 0.537917
554 0.443025 0.467872
555 0.460388 0.461786
556 0.561239 0.51626
557 0.559206 0.487808
558 0.51158 0.522339
559 0.473819 0.451397
560 0.467623 0.53958
561 0.544898 0.421477
562 0.46986 0.458458
563 0.537248 0.486167
564 0.475479 0.445622
565 0.515568 0.64136
566 0.524922 0.492195
567 0.518125 0.488723
568 0.57803 0.60269
569 0.555225 0.533472
570 0.552931 0.431832
571 0.557652 0.527517
572 0.477563 0.444977
573 0.518125 0.488723
574 0.559167 0.449598
575 0.518125 0.488723
576 0.469646 0.468815
577 0.461967 0.544227
578 0.469616 0.532763
579 0.474485 0.454908
580 0.526954 0.391334
581 0.518125 0.488723
582 0.493649 0.441917
583 0.476388 0.528044
584 0.540822 0.551349
585 0.524337 0.512654
586 0.43626 0.562774
587 0.5473 0.534801
588 0.49318 0.531145
589 0.520953 0.499331
590 0.56725 0.420169
591 0.558632 0.556372
592 0.584795 0.46051
593 0.5204 0.489403
594 0.545226 0.515992
595 0.472381 0.384115
596 0.518125 0.488723
597 0.561366 0.512993
598 0.325261 0.322789
599 0.451486 0.416702
600 0.569618 0.471948
601 0.506537 0.508157
602 0.720079 0.747665
603 0.563285 0.485031
604 0.528458 0.5412
605 0.63669 0.535858
606 0.527888 0.566925
607 0.525148 0.494073
608 0.477706 0.527599
609 0.525801 0.497788
610 0.518125 0.488723
611 0.46863 0.47664
612 0.529731 0.479552
613 0.55099 0.503021
614 0.514435 0.483574
615 0.518125 0.488723
616 0.528859 0.501174
617 0.597037 0.5656
618 0.412299 0.497273
619 0.558666 0.610482
620 0.577087 0.47001
621 0.550244 0.465057
622 0.484933 0.571493
623 0.482383 0.504757
624 0.544003 0.513625
625 0.504108 0.52694
626 0.48059 0.459051
627 0.400097 0.560883
628 0.243251 0.657055
629 0.540652 0.466082
630 0.501089 0.520348
631 0.493192 0.492193
632 0.474834 0.555641
633 0.584041 0.351145
634 0.536215 0.48941
635 0.61853 0.424914
636 0.514701 0.544013
637 0.592254 0.481694
638 0.42053 0.555495
639 0.515688 0.521724
640 0.571761 0.526117
641 0.538133 0.512073
642 0.476624 0.444696
643 0.480807 0.451259
644 0.436014 0.41273
645 0.452812 0.339716
646 0.540151 0.506468
647 0.54054 0.30229
648 0.514012 0.559316
649 0.538827 0.539249
650 0.513575 0.443627
651 0.555098 0.46509
652 0.518125 0.488723
653 0.550732 0.462752
654 0.569864 0.53137
655 0.489503 0.480927
656 0.534148 0.443437
657 0.570746 0.577545
658 0.557566 0.449725
659 0.499066 0.512367
660 0.541811 0.475667
661 0.505209 0.486504
662 0.511669 0.436343
663 0.511601 0.530552
664 0.568807 0.553269
665 0.518125 0.488723
666 0.473115 0.471521
667 0.450353 0.510456
668 0.518125 0.488723
669 0.503903 0.30586
670 0.513731 0.607515
671 0.695801 0.30037
672 0.508129 0.500764
673 0.54565 0.486932
674 0.57107 0.523143
675 0.474805 0.445764
676 0.561502 0.520631
677 0.549337 0.456106
678 0.518125 0.488723
679 0.44884 0.36399
680 0.410722 0.464747
681 0.606159 0.509161
682 0.358112 0.406505
683 0.535965 0.462131
684 0.530521 0.475898
685 0.518716 0.506791
686 0.529964 0.479929
687 0.47785 0.457873
688 0.565235 0.506479
689 0.516128 0.486867
690 0.49704 0.473035
691 0.507789 0.505691
692 0.494735 0.504195
693 0.518125 0.488723
694 0.602058 0.43396
695 0.558747 0.528647
696 0.560102 0.41862
697 0.49873 0.471194
698 0.575064 0.578541
699 0.502904 0.40103
700 0.34726 0.373743
701 0.530091 0.501067
702 0.359832 0.201405
703 0.593753 0.487444
704 0.739313 0.392678
705 0.586663 0.414686
706 0.496158 0.468594
707 0.38407 0.448466
708 0.577726 0.517971
709 0.57324 0.508336
710 0.443979 0.534541
711 0.477393 0.550059
712 0.546972 0.551837
713 0.392413 0.539483
714 0.422785 0.573312
715 0.513613 0.526073
716 0.399761 0.500192
717 0.518125 0.488723
718 0.487907 0.540582
719 0.518125 0.488723
720 0.587725 0.493595
721 0.634281 0.37482
722 0.518125 0.488723
723 0.480597 0.419567
724 0.547843 0.526094
725 0.47463 0.447469
726 0.564292 0.445255
727 0.55608 0.526767
728 0.52167 0.486703
729 0.404874 0.467194
730 0.449048 0.550209
731 0.518125 0.488723
732 0.525189 0.517065
733 0.5159 0.488284
734 0.484592 0.487251
735 0.48196 0.424388
736 0.465431 0.453505
737 0.553988 0.471657
738 0.525266 0.556639
739 0.482721 0.504759
740 0.54156 0.536948
741 0.509239 0.488323
742 0.509763 0.477202
743 0.513614 0.489182
744 0.532213 0.483333
745 0.487844 0.439044
746 0.597729 0.610451
747 0.289979 0.477438
748 0.484388 0.529742
749 0.600081 0.635307
750 0.503967 0.525939
751 0.477368 0.445228
752 0.328978 0.402782
753 0.519083 0.502174
754 0.50599 0.555335
755 0.52703 0.515177
756 0.51822 0.495479
757 0.535343 0.46724
758 0.542962 0.457199
759 0.521309 0.489768
760 0.594873 0.375672
761 0.437719 0.474136
762 0.522419 0.48653
763 0.510897 0.499487
764 0.495702 0.528743
765 0.518125 0.488723
766 0.500897 0.588106
767 0.479317 0.431344
768 0.51957 0.510512
769 0.56264 0.472464
770 0.514844 0.482484
771 0.518125 0.488723
772 0.42336 0.489131
773 0.502739 0.49803
774 0.510207 0.478966
775 0.518125 0.488723
776 0.52831 0.485267
777 0.59504 0.549437
778 0.518125 0.488723
779 0.537301 0.500218
780 0.545345 0.481384
781 0.518125 0.488723
782 0.518125 0.488723
783 0.56795 0.498413
784 0.543465 0.466999
785 0.498052 0.508971
786 0.559323 0.530062
787 0.547381 0.529691
788 0.518125 0.488723
789 0.574402 0.453069
790 0.507408 0.468054
791 0.518125 0.488723
792 0.536449 0.545546
793 0.482105 0.500092
794 0.536017 0.511581
795 0.497291 0.47024
796 0.518125 0.488723
797 0.479827 0.43922
798 0.559856 0.484117
799 0.218854 0.165946
800 0.539788 0.460077
801 0.569526 0.467507
802 0.518125 0.488723
803 0.623706 0.639278
804 0.540851 0.508559
805 0.479718 0.508074
806 0.504803 0.476194
807 0.531093 0.472378
808 0.524184 0.503977
809 0.656356 0.433583
810 0.518125 0.488723
811 0.449877 0.378166
812 0.556647 0.532032
813 0.518125 0.488723
814 0.591693 0.740485
815 0.45958 0.484706
816 0.317928 0.258267
817 0.620958 0.457972
818 0.564916 0.5908
819 0.518125 0.488723
820 0.463648 0.494942
821 0.562408 0.481058
822 0.4636 0.542794
823 0.518125 0.488723
824 0.571939 0.492443
825 0.572815 0.349437
826 0.458308 0.460384
827 0.447004 0.435395
828 0.444035 0.431461
829 0.518125 0.488723
830 0.520068 0.456802
831 0.509341 0.51999
832 0.280882 0.663064
833 0.499244 0.49514
834 0.487783 0.396109
835 0.518125 0.488723
836 0.535705 0.454074
837 0.592823 0.540952
838 0.496451 0.477742
839 0.568727 0.527023
840 0.54177 0.421936
841 0.474367 0.471857
842 0.530743 0.509634
843 0.535208 0.537721
844 0.206215 0.194338
845 0.562442 0.445882
846 0.470333 0.378903
847 0.535775 0.47458
848 0.490447 0.510229
849 0.526535 0.445964
850 0.496557 0.512485
851 0.505633 0.474016
852 0.548029 0.423039
853 0.465793 0.550647
854 0.526741 0.483604
855 0.463711 0.508013
856 0.358961 0.407129
857 0.518125 0.488723
858 0.53541 0.550363
859 0.593467 0.569311
860 0.518125 0.488723
861 0.570356 0.438977
862 0.512296 0.563035
863 0.575127 0.551046
864 0.472777 0.526635
865 0.461881 0.564164
866 0.571611 0.417121
867 0.461217 0.624278
868 0.468812 0.510466
869 0.512859 0.484693
870 0.525907 0.433203
871 0.481609 0.365358
872 0.46848 0.621233
873 0.577584 0.495221
874 0.443341 0.440552
875 0.620731 0.536916
876 0.554446 0.435793
877 0.489952 0.439249
878 0.518125 0.488723
879 0.518125 0.488723
880 0.510984 0.464322
881 0.46413 0.459236
882 0.56789 0.565225
883 0.518125 0.488723
884 0.564397 0.471209
885 0.518125 0.488723
886 0.468333 0.475898
887 0.466934 0.528893
888 0.504663 0.510094
889 0.27405 0.755528
890 0.515518 0.477133
891 0.518125 0.488723
892 0.494361 0.524584
893 0.518125 0.488723
894 0.481716 0.440527
895 0.501758 0.507322
896 0.442677 0.487931
897 0.56086 0.411993
898 0.513421 0.482218
899 0.534561 0.474338
900 0.411197 0.541618
901 0.502325 0.470097
902 0.519338 0.4924
903 0.605739 0.534025
904 0.542949 0.446566
905 0.465028 0.435008
906 0.585699 0.437738
907 0.490086 0.44802
908 0.559645 0.483251
909 0.493137 0.488525
910 0.637382 0.508348
911 0.518125 0.488723
912 0.451209 0.498228
913 0.518125 0.488723
914 0.500121 0.519384
915 0.559106 0.440418
916 0.422185 0.598026
917 0.518125 0.488723
918 0.519128 0.483499
919 0.483871 0.547773
920 0.57876 0.631911
921 0.527281 0.538182
922 0.466443 0.479726
923 0.543231 0.444585
924 0.394228 0.465908
925 0.558386 0.525548
926 0.543026 0.391414
927 0.541413 0.547537
928 0.576822 0.507338
929 0.611094 0.448801
930 0.579681 0.548558
931 0.534301 0.571492
932 0.518125 0.488723
933 0.586016 0.336376
934 0.544247 0.503952
935 0.487715 0.51422
936 0.471498 0.5474
937 0.473753 0.591997
938 0.489199 0.524961
939 0.45289 0.538607
940 0.475693 0.448577
941 0.45474 0.464261
942 0.564377 0.519843
943 0.530491 0.468289
944 0.518125 0.488723
945 0.518125 0.488723
946 0.433725 0.466809
947 0.555504 0.469071
948 0.423998 0.368918
949 0.490546 0.428092
950 0.504435 0.570824
951 0.478081 0.528423
952 0.576044 0.492454
953 0.451001 0.474748
954 0.488795 0.596547
955 0.581788 0.499428
956 0.511026 0.469012
957 0.518125 0.488723
958 0.522484 0.45166
959 0.320886 0.688986
960 0.548707 0.448819
961 0.488829 0.547653
962 0.544909 0.419786
963 0.423038 0.537793
964 0.464304 0.468319
965 0.498366 0.512501
966 0.491634 0.399309
967 0.560214 0.509135
968 0.456689 0.573034
969 0.571684 0.434255
970 0.475444 0.417681
971 0.569785 0.512541
972 0.506571 0.424991
973 0.477085 0.443117
974 0.536289 0.507181
975 0.498049 0.495042
976 0.52034 0.470002
977 0.477758 0.455049
978 0.558586 0.527535
979 0.516443 0.520422
980 0.518125 0.488723
981 0.518125 0.488723
982 0.520293 0.480904
983 0.518125 0.488723
984 0.569036 0.498456
985 0.531278 0.466193
986 0.474879 0.466312
987 0.518125 0.488723
988 0.402337 0.370873
989 0.48301 0.545889
990 0.555638 0.501686
991 0.520931 0.429621
992 0.513444 0.490225
993 0.415447 0.40213
994 0.54768 0.460708
995 0.507892 0.55376
996 0.559217 0.403837
997 0.551976 0.505012
998 0.475474 0.496116
999 0.518125 0.488723
1000 0.441865 0.572758
1001 0.466133 0.541931
1002 0.523061 0.499582
1003 0.462028 0.5741
1004 0.521951 0.434678
1005 0.518125 0.488723
1006 0.640233 0.572163
1007 0.426078 0.462189
1008 0.518125 0.488723
1009 0.596115 0.489147
1010 0.50656 0.529828
1011 0.518125 0.488723
1012 0.557113 0.452848
1013 0.210194 0.795455
1014 0.272214 0.261409
1015 0.477572 0.447741
1016 0.507253 0.48808
1017 0.504677 0.463596
1018 0.532299 0.472814
1019 0.506034 0.506455
1020 0.518125 0.488723
1021 0.551061 0.455654
1022 0.58419 0.528547
1023 0.518125 0.488723
1024 0.544519 0.481337
1025 0.493626 0.488566
1026 0.544186 0.392566
1027 0.490414 0.566558
1028 0.474568 0.444954
1029 0.536054 0.536761
1030 0.518125 0.488723
1031 0.518125 0.488723
1032 0.457704 0.424175
1033 0.42459 0.453081
1034 0.518125 0.488723
1035 0.556358 0.450765
1036 0.482789 0.474064
1037 0.483578 0.417028
1038 0.530843 0.484847
1039 0.473069 0.529535
1040 0.518125 0.488723
1041 0.564347 0.552189
1042 0.557378 0.46224
1043 0.535497 0.407275
1044 0.337067 0.734074
1045 0.576867 0.421467
1046 0.634606 0.344506
1047 0.518125 0.488723
1048 0.553443 0.45062
1049 0.567037 0.542155
1050 0.609352 0.471733
1051 0.518125 0.488723
1052 0.453369 0.609187
1053 0.583275 0.621006
1054 0.492356 0.543094
1055 0.615799 0.775201
1056 0.518125 0.488723
1057 0.476702 0.527435
1058 0.470495 0.50104
1059 0.532593 0.5613
1060 0.568917 0.804921
1061 0.403613 0.60037
1062 0.614166 0.501773
1063 0.515589 0.481185
1064 0.788425 0.559083
1065 0.555385 0.502862
1066 0.554957 0.526476
1067 0.572652 0.44055
1068 0.493622 0.517375
1069 0.484336 0.522049
1070 0.614566 0.525353
1071 0.52486 0.472497
1072 0.588079 0.423938
1073 0.518125 0.488723
1074 0.505184 0.499131
1075 0.531183 0.502852
1076 0.485777 0.459085
1077 0.571 0.445185
1078 0.594197 0.424592
1079 0.53076 0.483498
1080 0.543827 0.518317
1081 0.550548 0.517699
1082 0.507276 0.473149
1083 0.545989 0.460526
1084 0.445829 0.582404
1085 0.649461 0.635893
1086 0.518125 0.488723
1087 0.518125 0.488723
1088 0.496554 0.512091
1089 0.518125 0.488723
1090 0.56701 0.553872
1091 0.46122 0.531332
1092 0.465395 0.545402
1093 0.591379 0.533355
1094 0.458582 0.427519
1095 0.533667 0.500413
1096 0.245125 0.546029
1097 0.514973 0.514131
1098 0.518125 0.488723
1099 0.518125 0.488723
1100 0.519301 0.4876
1101 0.573095 0.448215
1102 0.225662 0.791203
1103 0.5117 0.524525
1104 0.449735 0.514051
1105 0.518125 0.488723
1106 0.575142 0.548207
1107 0.518125 0.488723
1108 0.530841 0.507671
1109 0.55044 0.529132
1110 0.5682 0.4508
1111 0.471296 0.56407
1112 0.518125 0.488723
1113 0.683071 0.35308
1114 0.440368 0.470014
1115 0.508336 0.624812
1116 0.488451 0.452743
1117 0.386416 0.384371
1118 0.554126 0.379459
1119 0.558798 0.544919
1120 0.530855 0.449053
1121 0.573957 0.428778
1122 0.509813 0.498367
1123 0.541126 0.424152
1124 0.473937 0.499904
1125 0.50696 0.480027
1126 0.482764 0.547664
1127 0.373976 0.552568
1128 0.518125 0.488723
1129 0.414052 0.617226
1130 0.782809 0.457425
1131 0.474515 0.443396
1132 0.491623 0.460103
1133 0.498768 0.503493
1134 0.539189 0.409354
1135 0.558613 0.439956
1136 0.518125 0.488723
1137 0.413368 0.383421
1138 0.5817 0.415085
1139 0.518125 0.488723
1140 0.527805 0.471649
1141 0.524507 0.484559
1142 0.582221 0.426634
1143 0.542225 0.42845
1144 0.575462 0.42187
1145 0.448559 0.42116
1146 0.518125 0.488723
1147 0.518125 0.488723
1148 0.539717 0.452618
1149 0.509112 0.433346
1150 0.433424 0.561665
1151 0.698252 0.409587
1152 0.308054 0.754562
1153 0.571595 0.516699
1154 0.532544 0.504803
1155 0.596648 0.484622
1156 0.506186 0.507735
1157 0.559288 0.528621
1158 0.332149 0.646804
1159 0.580024 0.521005
1160 0.537089 0.49109
1161 0.518218 0.572936
1162 0.469 0.53199
1163 0.509407 0.529714
1164 0.518125 0.488723
1165 0.534692 0.495278
1166 0.541704 0.625257
1167 0.569237 0.41051
1168 0.504568 0.466466
1169 0.591058 0.556522
1170 0.349664 0.332586
1171 0.468881 0.341468
1172 0.492866 0.464165
1173 0.559618 0.518816
1174 0.49739 0.520625
1175 0.543506 0.454976
1176 0.518125 0.488723
1177 0.514442 0.484414
1178 0.492048 0.517107
1179 0.50525 0.52947
1180 0.426816 0.47819
1181 0.80739 0.797094
1182 0.54712 0.438215
1183 0.519409 0.377763
1184 0.374275 0.552456
1185 0.518125 0.488723
1186 0.55355 0.481599
1187 0.4949 0.514057
1188 0.550104 0.461717
1189 0.512296 0.563035
1190 0.518125 0.488723
1191 0.466049 0.424866
1192 0.623553 0.53305
1193 0.484318 0.51683
1194 0.377463 0.514336
1195 0.492408 0.525079
1196 0.562134 0.556086
1197 0.527279 0.515878
1198 0.498974 0.595917
1199 0.484737 0.52807
1200 0.53743 0.509252
1201 0.430313 0.424995
1202 0.483109 0.528763
1203 0.620275 0.455088
1204 0.514034 0.447741
1205 0.713228 0.420257
1206 0.518125 0.488723
1207 0.402185 0.53203
1208 0.595166 0.408414
1209 0.567082 0.522804
1210 0.489471 0.529454
1211 0.473267 0.438314
1212 0.579499 0.565699
1213 0.379331 0.614426
1214 0.54779 0.574138
1215 0.557744 0.536128
1216 0.488381 0.45423
1217 0.55098 0.484685
1218 0.518849 0.527621
1219 0.518125 0.488723
1220 0.538147 0.4898
1221 0.593868 0.404462
1222 0.464451 0.486943
1223 0.569322 0.452026
1224 0.5091 0.445967
1225 0.518125 0.488723
1226 0.518969 0.504832
1227 0.543965 0.528915
1228 0.473372 0.52598
1229 0.53259 0.491207
1230 0.476485 0.439116
1231 0.485907 0.522056
1232 0.518125 0.488723
1233 0.537822 0.480105
1234 0.518125 0.488723
1235 0.487069 0.456566
1236 0.266003 0.456123
1237 0.435116 0.451569
1238 0.551252 0.565212
1239 0.492332 0.465813
1240 0.5016 0.477175
1241 0.293006 0.257567
1242 0.478207 0.448942
1243 0.542736 0.474493
1244 0.490085 0.540641
1245 0.526143 0.502393
1246 0.456175 0.475039
1247 0.54312 0.530589
1248 0.469141 0.453358
1249 0.513911 0.501315
1250 0.583813 0.470187
1251 0.609189 0.497759
1252 0.470509 0.546646
1253 0.573227 0.470801
1254 0.707832 0.709233
1255 0.581606 0.557174
1256 0.472523 0.537725
1257 0.483001 0.436326
1258 0.516549 0.485012
1259 0.573399 0.507049
1260 0.481852 0.532183
1261 0.484565 0.523145
1262 0.741661 0.712888
1263 0.518125 0.488723
1264 0.412468 0.467622
1265 0.531106 0.496629
1266 0.502594 0.530714
1267 0.531817 0.518491
1268 0.578189 0.436961
1269 0.55794 0.44636
1270 0.518125 0.488723
1271 0.396502 0.615722
1272 0.259687 0.768048
1273 0.562787 0.448614
1274 0.384123 0.430882
1275 0.427684 0.461986
1276 0.532621 0.464123
1277 0.489607 0.536818
1278 0.423093 0.550993
1279 0.788476 0.670965
1280 0.513498 0.469842
1281 0.579364 0.311481
1282 0.504096 0.50318
1283 0.527978 0.546561
1284 0.649325 0.558272
1285 0.614654 0.46857
1286 0.564982 0.473085
1287 0.518125 0.488723
1288 0.547146 0.550462
1289 0.504857 0.525416
1290 0.546726 0.511846
1291 0.427144 0.435978
1292 0.487712 0.53946
1293 0.463844 0.584387
1294 0.483554 0.45405
1295 0.496048 0.509593
1296 0.543861 0.476167
1297 0.536731 0.504305
1298 0.432984 0.468076
1299 0.377622 0.472568
1300 0.543346 0.487203
1301 0.549173 0.448389
1302 0.521741 0.485001
1303 0.542888 0.485025
1304 0.532243 0.466988
1305 0.597106 0.470259
1306 0.484119 0.526008
1307 0.468409 0.620302
1308 0.525494 0.507943
1309 0.538371 0.490158
1310 0.470982 0.460191
1311 0.518125 0.488723
1312 0.545916 0.553957
1313 0.639509 0.413844
1314 0.518125 0.488723
1315 0.58822 0.559816
1316 0.720169 0.310054
1317 0.525193 0.539698
1318 0.609395 0.443716
1319 0.517488 0.478106
1320 0.519376 0.548313
1321 0.583472 0.338388
1322 0.461866 0.471278
1323 0.542962 0.512827
1324 0.609198 0.376075
1325 0.507034 0.486378
1326 0.538492 0.685409
1327 0.58625 0.448795
1328 0.631466 0.374188
1329 0.594125 0.469579
1330 0.50946 0.498062
1331 0.468895 0.463493
1332 0.46993 0.455468
1333 0.549458 0.415746
1334 0.545944 0.426446
1335 0.540942 0.544357
1336 0.610821 0.48468
1337 0.561748 0.534734
1338 0.562673 0.439575
1339 0.467177 0.44285
1340 0.455963 0.500714
1341 0.562212 0.533977
1342 0.535179 0.645773
1343 0.501647 0.473938
1344 0.551291 0.561413
1345 0.624226 0.395909
1346 0.518125 0.488723
1347 0.536182 0.46812
1348 0.536561 0.484605
1349 0.438276 0.539737
1350 0.503201 0.433772
1351 0.500418 0.513509
1352 0.487678 0.484019
1353 0.499842 0.456896
1354 0.528801 0.458156
1355 0.492001 0.513424
1356 0.537476 0.424926
1357 0.588102 0.472236
1358 0.447842 0.559648
1359 0.613493 0.457365
1360 0.463823 0.519198
1361 0.503419 0.474184
1362 0.271454 0.563498
1363 0.451936 0.514452
1364 0.518125 0.488723
1365 0.595713 0.43367
1366 0.57186 0.545653
1367 0.362009 0.599915
1368 0.484946 0.526767
1369 0.538146 0.492492
1370 0.328989 0.72054
1371 0.45807 0.433335
1372 0.526444 0.457617
1373 0.514577 0.522078
1374 0.509979 0.583911
1375 0.443376 0.560138
1376 0.554045 0.507314
1377 0.535254 0.472417
1378 0.542541 0.4243
1379 0.496247 0.465888
1380 0.436142 0.519729
1381 0.747769 0.283054
1382 0.616568 0.482212
1383 0.549751 0.507469
1384 0.546161 0.537033
1385 0.555939 0.577442
1386 0.504217 0.463902
1387 0.482804 0.469369
1388 0.536177 0.514073
1389 0.497405 0.507186
1390 0.478127 0.599791
1391 0.522961 0.502413
1392 0.524053 0.511521
1393 0.588448 0.597573
1394 0.661535 0.56071
1395 0.478231 0.46527
1396 0.505785 0.368523
1397 0.461422 0.496487
1398 0.461231 0.536499
1399 0.518125 0.488723
1400 0.465691 0.543031
1401 0.474938 0.454771
1402 0.396502 0.615722
1403 0.518125 0.488723
1404 0.555259 0.519565
1405 0.467424 0.394113
1406 0.558811 0.432644
1407 0.510385 0.495911
1408 0.619717 0.387854
1409 0.76388 0.645115
1410 0.518125 0.488723
1411 0.46317 0.568464
1412 0.563723 0.409854
1413 0.518125 0.488723
1414 0.536747 0.479398
1415 0.445722 0.552332
1416 0.55297 0.498316
1417 0.535086 0.486276
1418 0.454819 0.45125
1419 0.548495 0.452389
1420 0.511426 0.527286
1421 0.533194 0.477551
1422 0.538186 0.519475
1423 0.511731 0.476272
1424 0.572326 0.427728
1425 0.500363 0.533655
1426 0.725868 0.712261
1427 0.809516 0.177327
1428 0.518125 0.488723
1429 0.467896 0.417363
1430 0.518994 0.537353
1431 0.464458 0.442844
1432 0.458471 0.494899
1433 0.432146 0.570275
1434 0.457614 0.618718
1435 0.505368 0.553989
1436 0.538574 0.38754
1437 0.404564 0.650965
1438 0.344941 0.652276
1439 0.498914 0.470906
1440 0.587916 0.433879
1441 0.347154 0.316851
1442 0.44532 0.5009
1443 0.518125 0.488723
1444 0.507686 0.475308
1445 0.507041 0.503657
1446 0.575253 0.433207
1447 0.51481 0.565048
1448 0.559823 0.449348
1449 0.586481 0.417432
1450 0.505991 0.476545
1451 0.532077 0.555404
1452 0.696059 0.563492
1453 0.489169 0.480615
1454 0.518125 0.488723
1455 0.475292 0.529527
1456 0.428948 0.513515
1457 0.588546 0.554398
1458 0.535655 0.467171
1459 0.456606 0.42951
1460 0.405568 0.59253
1461 0.526067 0.511087
1462 0.518125 0.488723
1463 0.553779 0.54102
1464 0.531922 0.508202
1465 0.560299 0.386036
1466 0.504829 0.545935
1467 0.557038 0.499419
1468 0.524358 0.503505
1469 0.564377 0.519843
1470 0.518125 0.488723
1471 0.507769 0.503051
1472 0.501185 0.559993
1473 0.51735 0.530418
1474 0.502443 0.45109
1475 0.559358 0.564664
1476 0.533168 0.460089
1477 0.376475 0.551712
1478 0.62499 0.449312
1479 0.499416 0.54711
1480 0.483975 0.525176
1481 0.518125 0.488723
1482 0.456657 0.567498
1483 0.444291 0.483788
1484 0.556863 0.452534
1485 0.54862 0.460919
1486 0.528432 0.481499
1487 0.531803 0.418859
1488 0.500287 0.524141
1489 0.518125 0.488723
1490 0.501531 0.450858
1491 0.475177 0.529388
1492 0.587849 0.537932
1493 0.492024 0.532568
1494 0.518125 0.488723
1495 0.65304 0.370293
1496 0.55356 0.468965
1497 0.562547 0.437325
1498 0.470835 0.440251
1499 0.487467 0.48835
1500 0.452323 0.555854
1501 0.509047 0.422648
1502 0.624317 0.443096
1503 0.465694 0.437323
1504 0.550979 0.425063
1505 0.518125 0.488723
1506 0.502673 0.498761
1507 0.484009 0.523007
1508 0.568445 0.518849
1509 0.396735 0.656898
1510 0.549852 0.462534
1511 0.467929 0.440863
1512 0.576474 0.456682
1513 0.54113 0.474042
1514 0.518125 0.488723
1515 0.520038 0.489594
1516 0.48135 0.534372
1517 0.522501 0.448634
1518 0.545656 0.512753
1519 0.548719 0.46021
1520 0.448604 0.443065
1521 0.455456 0.473191
1522 0.518125 0.488723
1523 0.518125 0.488723
1524 0.483441 0.539829
1525 0.569493 0.485529
1526 0.510597 0.541899
1527 0.430132 0.57607
1528 0.518125 0.488723
1529 0.531728 0.480033
1530 0.458333 0.496038
1531 0.592432 0.563718
1532 0.695499 0.503115
1533 0.507643 0.493794
1534 0.518125 0.488723
1535 0.374857 0.458282
1536 0.50741 0.484593
1537 0.577338 0.557129
1538 0.519766 0.495625
1539 0.594011 0.405361
1540 0.51107 0.481303
1541 0.581132 0.418832
1542 0.562925 0.438688
1543 0.460031 0.43353
1544 0.531456 0.443798
1545 0.523535 0.473932
1546 0.504167 0.492089
1547 0.577386 0.441547
1548 0.518125 0.488723
1549 0.556647 0.532032
1550 0.518125 0.488723
1551 0.58462 0.459241
1552 0.543985 0.470971
1553 0.526907 0.462397
1554 0.518125 0.488723
1555 0.382587 0.552087
1556 0.518125 0.488723
1557 0.518125 0.488723
1558 0.518125 0.488723
1559 0.454093 0.419572
1560 0.518125 0.488723
1561 0.518125 0.488723
1562 0.518125 0.488723
1563 0.518125 0.488723
1564 0.518125 0.488723
1565 0.581962 0.48915
1566 0.518125 0.488723
1567 0.518125 0.488723
1568 0.477751 0.602012
1569 0.518125 0.488723
1570 0.460573 0.368816
1571 0.69556 0.286894
1572 0.518125 0.488723
1573 0.560611 0.444311
1574 0.591812 0.530265
1575 0.541127 0.52215
1576 0.518125 0.488723
1577 0.59541 0.491645
1578 0.528799 0.486537
1579 0.518125 0.488723
1580 0.518125 0.488723
1581 0.518125 0.488723
1582 0.36823 0.409474
1583 0.518125 0.488723
1584 0.518125 0.488723
1585 0.519495 0.532156
1586 0.518125 0.488723
1587 0.601453 0.459292
1588 0.564008 0.456782
1589 0.638214 0.404951
1590 0.518125 0.488723
1591 0.518125 0.488723
1592 0.559774 0.52718
1593 0.518125 0.488723
1594 0.518125 0.488723
1595 0.518125 0.488723
1596 0.44411 0.501727
1597 0.518125 0.488723
1598 0.519589 0.492417
1599 0.565295 0.501688
1600 0.515269 0.412324
1601 0.337707 0.453965
1602 0.518125 0.488723
1603 0.518125 0.488723
1604 0.414142 0.344206
1605 0.544814 0.497986
1606 0.586562 0.572118
1607 0.518125 0.488723
1608 0.518125 0.488723
1609 0.517593 0.461517
1610 0.518125 0.488723
1611 0.542416 0.546335
1612 0.518125 0.488723
1613 0.518125 0.488723
1614 0.497724 0.499771
1615 0.518125 0.488723
1616 0.518125 0.488723
1617 0.518125 0.488723
1618 0.494641 0.429241
1619 0.47395 0.551555
1620 0.518125 0.488723
1621 0.518125 0.488723
1622 0.492429 0.485323
1623 0.518125 0.488723
1624 0.622372 0.277885
1625 0.512386 0.407535
1626 0.518125 0.488723
1627 0.561019 0.49448
1628 0.458007 0.576701
1629 0.518125 0.488723
1630 0.518125 0.488723
1631 0.518125 0.488723
1632 0.511598 0.485874
1633 0.518125 0.488723
1634 0.518125 0.488723
1635 0.518125 0.488723
1636 0.531728 0.450463
1637 0.564662 0.440658
1638 0.518125 0.488723
1639 0.526144 0.428657
1640 0.323259 0.392787
1641 0.518125 0.488723
1642 0.518125 0.488723
1643 0.518125 0.488723
1644 0.491052 0.572351
1645 0.45924 0.430231
1646 0.546651 0.492206
1647 0.518125 0.488723
1648 0.518125 0.488723
1649 0.518125 0.488723
1650 0.518125 0.488723
1651 0.518125 0.488723
1652 0.467955 0.435872
1653 0.518125 0.488723
1654 0.518125 0.488723
1655 0.601048 0.452105
1656 0.450242 0.425805
1657 0.501675 0.511832
1658 0.518125 0.488723
1659 0.569646 0.5396
1660 0.518125 0.488723
1661 0.717237 0.370701
1662 0.518125 0.488723
1663 0.521624 0.495823
1664 0.518125 0.488723
1665 0.518125 0.488723
1666 0.518125 0.488723
1667 0.518125 0.488723
1668 0.518125 0.488723
1669 0.54653 0.540551
1670 0.570024 0.439455
1671 0.518125 0.488723
1672 0.518125 0.488723
1673 0.518125 0.488723
1674 0.518125 0.488723
1675 0.528929 0.516588
1676 0.518125 0.488723
1677 0.43074 0.434385
1678 0.518125 0.488723
1679 0.518125 0.488723
1680 0.453705 0.475323
1681 0.49609 0.472394
1682 0.518125 0.488723
1683 0.518125 0.488723
1684 0.446688 0.322305
1685 0.518125 0.488723
1686 0.518125 0.488723
1687 0.518125 0.488723
1688 0.518125 0.488723
1689 0.518125 0.488723
1690 0.518125 0.488723
1691 0.518125 0.488723
1692 0.545169 0.461711
1693 0.518125 0.488723
1694 0.518125 0.488723
1695 0.450732 0.465582
1696 0.518125 0.488723
1697 0.518125 0.488723
1698 0.518125 0.488723
1699 0.585126 0.428316
1700 0.518125 0.488723
1701 0.476772 0.48162
1702 0.518125 0.488723
1703 0.518125 0.488723
1704 0.541306 0.482175
1705 0.518125 0.488723
1706 0.518125 0.488723
1707 0.528326 0.482051
1708 0.518125 0.488723
1709 0.484864 0.44449
1710 0.518125 0.488723
1711 0.462024 0.471936
1712 0.518125 0.488723
1713 0.518125 0.488723
1714 0.517535 0.500036
1715 0.518125 0.488723
1716 0.440438 0.356185
1717 0.518125 0.488723
1718 0.518125 0.488723
1719 0.590621 0.409754
1720 0.518125 0.488723
1721 0.518125 0.488723
1722 0.559745 0.447895
1723 0.518125 0.488723
1724 0.518125 0.488723
1725 0.518125 0.488723
1726 0.435815 0.422892
1727 0.518125 0.488723
1728 0.518125 0.488723
1729 0.704696 0.644176
1730 0.518125 0.488723
1731 0.518125 0.488723
1732 0.518125 0.488723
1733 0.518125 0.488723
1734 0.518125 0.488723
1735 0.518125 0.488723
1736 0.470769 0.554093
1737 0.559838 0.531186
1738 0.518125 0.488723
1739 0.518125 0.488723
1740 0.565755 0.532462
1741 0.518125 0.488723
1742 0.518125 0.488723
1743 0.518125 0.488723
1744 0.518125 0.488723
1745 0.518125 0.488723
1746 0.518125 0.488723
1747 0.518125 0.488723
1748 0.518125 0.488723
1749 0.533122 0.500507
1750 0.503742 0.490047
1751 0.518125 0.488723
1752 0.518125 0.488723
1753 0.518125 0.488723
1754 0.518125 0.488723
1755 0.518125 0.488723
1756 0.518125 0.488723
1757 0.518125 0.488723
1758 0.536713 0.404582
1759 0.518125 0.488723
1760 0.482888 0.443716
1761 0.518125 0.488723
1762 0.453969 0.547981
1763 0.52499 0.477216
1764 0.518125 0.488723
1765 0.518125 0.488723
1766 0.518125 0.488723
1767 0.534648 0.475694
1768 0.458611 0.489935
1769 0.518125 0.488723
1770 0.518125 0.488723
1771 0.518125 0.488723
1772 0.518125 0.488723
1773 0.518125 0.488723
1774 0.518125 0.488723
1775 0.518125 0.488723
1776 0.518125 0.488723
1777 0.518125 0.488723
1778 0.369546 0.550131
1779 0.518125 0.488723
1780 0.521745 0.49223
1781 0.594543 0.433151
1782 0.518125 0.488723
1783 0.429236 0.580914
1784 0.518125 0.488723
1785 0.518125 0.488723
1786 0.518125 0.488723
1787 0.61423 0.345385
1788 0.520886 0.476353
1789 0.477377 0.496636
1790 0.518125 0.488723
1791 0.281207 0.740908
1792 0.538986 0.454653
1793 0.518125 0.488723
1794 0.518125 0.488723
1795 0.560643 0.538032
1796 0.518125 0.488723
1797 0.518125 0.488723
1798 0.518125 0.488723
1799 0.518125 0.488723
1800 0.575437 0.421952
1801 0.518125 0.488723
1802 0.518125 0.488723
1803 0.518125 0.488723
1804 0.596267 0.46425
1805 0.518125 0.488723
1806 0.491951 0.379346
1807 0.535649 0.472102
1808 0.465389 0.501245
1809 0.566834 0.533054
1810 0.518125 0.488723
1811 0.518125 0.488723
1812 0.518125 0.488723
1813 0.518125 0.488723
1814 0.518125 0.488723
1815 0.518125 0.488723
1816 0.518125 0.488723
1817 0.518125 0.488723
1818 0.502486 0.543714
1819 0.518125 0.488723
1820 0.518125 0.488723
1821 0.518125 0.488723
1822 0.518125 0.488723
1823 0.518125 0.488723
1824 0.448974 0.448183
1825 0.518125 0.488723
1826 0.518125 0.488723
1827 0.518125 0.488723
1828 0.530499 0.49887
1829 0.518125 0.488723
1830 0.584621 0.556358
1831 0.518125 0.488723
1832 0.518125 0.488723
1833 0.415888 0.542609
1834 0.518125 0.488723
1835 0.518125 0.488723
1836 0.518125 0.488723
1837 0.518125 0.488723
1838 0.700632 0.475285
1839 0.518125 0.488723
1840 0.518125 0.488723
1841 0.543356 0.415331
1842 0.51331 0.528789
1843 0.518125 0.488723
1844 0.506288 0.422665
1845 0.498436 0.459575
1846 0.518125 0.488723
1847 0.564317 0.530305
1848 0.518125 0.488723
1849 0.518125 0.488723
1850 0.518125 0.488723
1851 0.518125 0.488723
1852 0.518125 0.488723
1853 0.518125 0.488723
1854 0.518125 0.488723
1855 0.518125 0.488723
1856 0.518125 0.488723
1857 0.558718 0.41574
1858 0.518125 0.488723
1859 0.518125 0.488723
1860 0.474287 0.396722
1861 0.518125 0.488723
1862 0.546706 0.464114
1863 0.518125 0.488723
1864 0.538837 0.434996
1865 0.518125 0.488723
1866 0.289896 0.590151
1867 0.518125 0.488723
1868 0.518125 0.488723
1869 0.518125 0.488723
1870 0.585976 0.530404
1871 0.491197 0.514641
1872 0.518125 0.488723
1873 0.518125 0.488723
1874 0.518125 0.488723
1875 0.51018 0.529471
1876 0.518125 0.488723
1877 0.518125 0.488723
1878 0.472062 0.626887
1879 0.49417 0.518175
1880 0.518125 0.488723
1881 0.518125 0.488723
1882 0.489981 0.512216
1883 0.465721 0.505884
1884 0.518125 0.488723
1885 0.518125 0.488723
1886 0.518125 0.488723
1887 0.497638 0.560344
1888 0.518125 0.488723
1889 0.518125 0.488723
1890 0.518125 0.488723
1891 0.518125 0.488723
1892 0.52636 0.504986
1893 0.518125 0.488723
1894 0.518125 0.488723
1895 0.586145 0.426684
1896 0.518125 0.488723
1897 0.379836 0.372185
1898 0.402551 0.428366
1899 0.518125 0.488723
1900 0.518125 0.488723
1901 0.554592 0.537323
1902 0.518125 0.488723
1903 0.534052 0.472393
1904 0.518125 0.488723
1905 0.518125 0.488723
1906 0.518125 0.488723
1907 0.518125 0.488723
1908 0.518125 0.488723
1909 0.51009 0.486165
1910 0.475524 0.52379
1911 0.518125 0.488723
1912 0.518125 0.488723
1913 0.604916 0.514995
1914 0.202491 0.287088
1915 0.518125 0.488723
1916 0.365122 0.355149
1917 0.573446 0.483333
1918 0.518125 0.488723
1919 0.518125 0.488723
1920 0.502002 0.499488
1921 0.518125 0.488723
1922 0.523336 0.508822
1923 0.470235 0.54754
1924 0.518125 0.488723
1925 0.518125 0.488723
1926 0.518125 0.488723
1927 0.518125 0.488723
1928 0.518125 0.488723
1929 0.544151 0.474034
1930 0.55717 0.535723
1931 0.518125 0.488723
1932 0.52281 0.496924
1933 0.518125 0.488723
1934 0.577761 0.570782
1935 0.470518 0.44277
1936 0.518125 0.488723
1937 0.578559 0.608814
1938 0.518125 0.488723
1939 0.621776 0.416507
1940 0.509555 0.514611
1941 0.553119 0.461781
1942 0.518125 0.488723
1943 0.518125 0.488723
1944 0.518125 0.488723
1945 0.520324 0.474979
1946 0.518125 0.488723
1947 0.518125 0.488723
1948 0.518125 0.488723
1949 0.518125 0.488723
1950 0.579992 0.434744
1951 0.581464 0.437909
1952 0.371141 0.696966
1953 0.518125 0.488723
1954 0.534877 0.480781
1955 0.518125 0.488723
1956 0.518125 0.488723
1957 0.518125 0.488723
1958 0.54517 0.525279
1959 0.518125 0.488723
1960 0.518125 0.488723
1961 0.518125 0.488723
1962 0.518125 0.488723
1963 0.576161 0.565536
1964 0.518125 0.488723
1965 0.554482 0.51938
1966 0.486623 0.472038
1967 0.518125 0.488723
1968 0.518125 0.488723
1969 0.467527 0.469591
1970 0.518125 0.488723
1971 0.518125 0.488723
1972 0.573518 0.403233
1973 0.518125 0.488723
1974 0.518125 0.488723
1975 0.565969 0.538409
1976 0.501744 0.477118
1977 0.555294 0.531893
1978 0.518125 0.488723
1979 0.518125 0.488723
1980 0.590296 0.511284
1981 0.518125 0.488723
1982 0.507886 0.336588
1983 0.569981 0.437321
1984 0.527599 0.492425
1985 0.559592 0.534973
1986 0.52479 0.539892
1987 0.485793 0.525164
1988 0.518125 0.488723
1989 0.518125 0.488723
1990 0.578873 0.411078
1991 0.518125 0.488723
1992 0.518125 0.488723
1993 0.558866 0.448002
1994 0.456309 0.460689
1995 0.518125 0.488723
1996 0.518125 0.488723
1997 0.518125 0.488723
1998 0.518125 0.488723
1999 0.518125 0.488723
2000 0.518125 0.488723
2001 0.518125 0.488723
2002 0.571915 0.503154
2003 0.462697 0.586761
2004 0.518125 0.488723
2005 0.518125 0.488723
2006 0.518125 0.488723
2007 0.527102 0.449596
2008 0.518125 0.488723
2009 0.518125 0.488723
2010 0.618553 0.400536
2011 0.518125 0.488723
2012 0.518125 0.488723
2013 0.499944 0.468973
2014 0.518125 0.488723
2015 0.476785 0.47746
2016 0.611706 0.565571
2017 0.518125 0.488723
2018 0.472163 0.566379
2019 0.514871 0.52375
2020 0.518125 0.488723
2021 0.518125 0.488723
2022 0.518125 0.488723
2023 0.586159 0.560411
2024 0.558493 0.534079
2025 0.518125 0.488723
2026 0.484674 0.453662
2027 0.541077 0.517424
2028 0.518125 0.488723
2029 0.518125 0.488723
2030 0.446585 0.547599
2031 0.492571 0.51186
2032 0.518125 0.488723
2033 0.518125 0.488723
2034 0.440832 0.284029
2035 0.518125 0.488723
2036 0.347659 0.730826
2037 0.518125 0.488723
2038 0.518125 0.488723
2039 0.443829 0.536441
2040 0.518125 0.488723
2041 0.518125 0.488723
2042 0.518125 0.488723
2043 0.518125 0.488723
2044 0.518125 0.488723
2045 0.518125 0.488723
2046 0.518125 0.488723
2047 0.518125 0.488723
2048 0.518125 0.488723
2049 0.518125 0.488723
2050 0.4792 0.446078
2051 0.518125 0.488723
2052 0.52486 0.422033
2053 0.518125 0.488723
2054 0.518125 0.488723
2055 0.518125 0.488723
2056 0.518125 0.488723
2057 0.518125 0.488723
2058 0.524813 0.470103
2059 0.49957 0.521752
2060 0.518125 0.488723
2061 0.414819 0.585634
2062 0.518125 0.488723
2063 0.518125 0.488723
2064 0.499668 0.452098
2065 0.53033 0.450589
2066 0.468607 0.49216
2067 0.518125 0.488723
2068 0.518125 0.488723
2069 0.562108 0.431064
2070 0.518125 0.488723
2071 0.518125 0.488723
2072 0.518125 0.488723
2073 0.518125 0.488723
2074 0.518125 0.488723
2075 0.518125 0.488723
2076 0.475319 0.537495
2077 0.518125 0.488723
2078 0.518125 0.488723
2079 0.518125 0.488723
2080 0.518125 0.488723
2081 0.518125 0.488723
2082 0.518125 0.488723
2083 0.654586 0.274777
2084 0.475483 0.527639
2085 0.518125 0.488723
2086 0.537686 0.43055
2087 0.518125 0.488723
2088 0.518125 0.488723
2089 0.532157 0.496892
2090 0.518125 0.488723
2091 0.517856 0.443929
2092 0.518125 0.488723
2093 0.500498 0.494686
2094 0.518125 0.488723
2095 0.518125 0.488723
2096 0.518125 0.488723
2097 0.52349 0.440684
2098 0.458428 0.452669
2099 0.518125 0.488723
2100 0.570946 0.467975
2101 0.500214 0.516978
2102 0.518125 0.488723
2103 0.518125 0.488723
2104 0.518125 0.488723
2105 0.478155 0.525617
2106 0.330341 0.335029
2107 0.518125 0.488723
2108 0.518125 0.488723
2109 0.518125 0.488723
2110 0.518125 0.488723
2111 0.518125 0.488723
2112 0.518125 0.488723
2113 0.518125 0.488723
2114 0.518125 0.488723
2115 0.518125 0.488723
2116 0.518125 0.488723
2117 0.550541 0.51201
2118 0.479535 0.448973
2119 0.553737 0.562978
2120 0.518125 0.488723
2121 0.518125 0.488723
2122 0.518125 0.488723
2123 0.518125 0.488723
2124 0.43675 0.596687
2125 0.460316 0.486292
2126 0.504893 0.418327
2127 0.518125 0.488723
2128 0.518125 0.488723
2129 0.518125 0.488723
2130 0.518125 0.488723
2131 0.518125 0.488723
2132 0.518125 0.488723
2133 0.518125 0.488723
2134 0.518125 0.488723
2135 0.563763 0.457792
2136 0.518125 0.488723
2137 0.518125 0.488723
2138 0.518125 0.488723
2139 0.518125 0.488723
2140 0.518125 0.488723
2141 0.518125 0.488723
2142 0.476635 0.540939
2143 0.358487 0.554465
2144 0.518125 0.488723
2145 0.518125 0.488723
2146 0.518125 0.488723
2147 0.518125 0.488723
2148 0.651804 0.351769
2149 0.598415 0.462418
2150 0.541093 0.461429
2151 0.518125 0.488723
2152 0.518125 0.488723
2153 0.518125 0.488723
2154 0.625057 0.552282
2155 0.513685 0.483417
2156 0.612827 0.369044
2157 0.518125 0.488723
2158 0.53044 0.418343
2159 0.518125 0.488723
2160 0.518125 0.488723
2161 0.393145 0.473971
2162 0.473929 0.451666
2163 0.518125 0.488723
2164 0.518125 0.488723
2165 0.518125 0.488723
2166 0.518125 0.488723
2167 0.518125 0.488723
2168 0.485545 0.445008
2169 0.518125 0.488723
2170 0.518125 0.488723
2171 0.518125 0.488723
2172 0.518125 0.488723
2173 0.518125 0.488723
2174 0.564585 0.556938
2175 0.528299 0.497038
2176 0.538366 0.559463
2177 0.518125 0.488723
2178 0.518125 0.488723
2179 0.439407 0.458212
2180 0.550109 0.454682
2181 0.494526 0.465211
2182 0.518125 0.488723
2183 0.518125 0.488723
2184 0.518125 0.488723
2185 0.518125 0.488723
2186 0.518125 0.488723
2187 0.518125 0.488723
2188 0.518125 0.488723
2189 0.518125 0.488723
2190 0.571994 0.592686
2191 0.518125 0.488723
2192 0.48449 0.588973
2193 0.518125 0.488723
2194 0.518125 0.488723
2195 0.518125 0.488723
2196 0.518125 0.488723
2197 0.572759 0.441074
2198 0.518125 0.488723
2199 0.518125 0.488723
2200 0.60876 0.450329
2201 0.277509 0.234928
2202 0.518125 0.488723
2203 0.518125 0.488723
2204 0.422333 0.415006
2205 0.518125 0.488723
2206 0.597793 0.571764
2207 0.518125 0.488723
2208 0.518125 0.488723
2209 0.518125 0.488723
2210 0.598426 0.570008
2211 0.446964 0.504188
2212 0.511575 0.475509
2213 0.518125 0.488723
2214 0.518125 0.488723
2215 0.518125 0.488723
2216 0.670508 0.407049
2217 0.527629 0.465303
2218 0.503944 0.459219
2219 0.518125 0.488723
2220 0.441123 0.478068
2221 0.518125 0.488723
2222 0.474933 0.512846
2223 0.521328 0.489487
2224 0.518125 0.488723
2225 0.518125 0.488723
2226 0.524591 0.58102
2227 0.518125 0.488723
2228 0.518125 0.488723
2229 0.518125 0.488723
2230 0.518125 0.488723
2231 0.518125 0.488723
2232 0.518125 0.488723
2233 0.542741 0.515757
2234 0.518125 0.488723
2235 0.559384 0.503718
2236 0.518125 0.488723
2237 0.476062 0.508047
2238 0.518125 0.488723
2239 0.567774 0.455256
2240 0.518125 0.488723
2241 0.479167 0.404818
2242 0.518125 0.488723
2243 0.518125 0.488723
2244 0.497476 0.475704
2245 0.518125 0.488723
2246 0.518125 0.488723
2247 0.518125 0.488723
2248 0.518125 0.488723
2249 0.518125 0.488723
2250 0.518125 0.488723
2251 0.518125 0.488723
2252 0.518125 0.488723
2253 0.518125 0.488723
2254 0.518125 0.488723
2255 0.518125 0.488723
2256 0.518125 0.488723
2257 0.518125 0.488723
2258 0.550459 0.456842
2259 0.518125 0.488723
2260 0.518125 0.488723
2261 0.514114 0.554165
2262 0.518125 0.488723
2263 0.518125 0.488723
2264 0.518125 0.488723
2265 0.518125 0.488723
2266 0.518125 0.488723
2267 0.518125 0.488723
2268 0.518125 0.488723
2269 0.518125 0.488723
2270 0.566355 0.584083
2271 0.518125 0.488723
2272 0.541975 0.549376
2273 0.518125 0.488723
2274 0.518125 0.488723
2275 0.518125 0.488723
2276 0.456585 0.453646
2277 0.518125 0.488723
2278 0.518125 0.488723
2279 0.472692 0.536195
2280 0.518125 0.488723
2281 0.518125 0.488723
2282 0.518125 0.488723
2283 0.518125 0.488723
2284 0.53631 0.469649
2285 0.518125 0.488723
2286 0.538578 0.473815
2287 0.518125 0.488723
2288 0.518125 0.488723
2289 0.518125 0.488723
2290 0.518125 0.488723
2291 0.454055 0.457486
2292 0.518125 0.488723
2293 0.518125 0.488723
2294 0.518125 0.488723
2295 0.417332 0.39392
2296 0.518125 0.488723
2297 0.518125 0.488723
2298 0.518125 0.488723
2299 0.518125 0.488723
2300 0.509819 0.500508
2301 0.518125 0.488723
2302 0.483921 0.487235
2303 0.487158 0.54962
2304 0.518125 0.488723
2305 0.518125 0.488723
2306 0.518125 0.488723
2307 0.518125 0.488723
2308 0.518125 0.488723
2309 0.518125 0.488723
2310 0.518125 0.488723
2311 0.518125 0.488723
2312 0.518125 0.488723
2313 0.518125 0.488723
2314 0.518125 0.488723
2315 0.518125 0.488723
2316 0.518125 0.488723
2317 0.354477 0.34503
2318 0.553297 0.553003
2319 0.500995 0.532622
2320 0.518125 0.488723
2321 0.522766 0.520977
2322 0.48177 0.41679
2323 0.436964 0.420037
2324 0.495026 0.459838
2325 0.518125 0.488723
2326 0.44854 0.537725
2327 0.518125 0.488723
2328 0.585531 0.418445
2329 0.518125 0.488723
2330 0.403865 0.567265
2331 0.518125 0.488723
2332 0.518125 0.488723
2333 0.518125 0.488723
2334 0.518125 0.488723
2335 0.570727 0.548931
2336 0.518125 0.488723
2337 0.556313 0.527127
2338 0.490606 0.482208
2339 0.518125 0.488723
2340 0.428269 0.389484
2341 0.518125 0.488723
2342 0.567967 0.51697
2343 0.518125 0.488723
2344 0.518125 0.488723
2345 0.518125 0.488723
2346 0.475906 0.447992
2347 0.518125 0.488723
2348 0.518125 0.488723
2349 0.529284 0.484939
2350 0.518125 0.488723
2351 0.518125 0.488723
2352 0.528656 0.451497
2353 0.470303 0.538995
2354 0.518125 0.488723
2355 0.518125 0.488723
2356 0.518125 0.488723
2357 0.433074 0.59029
2358 0.518125 0.488723
2359 0.518125 0.488723
2360 0.518125 0.488723
2361 0.746 0.349001
2362 0.518125 0.488723
2363 0.518125 0.488723
2364 0.518125 0.488723
2365 0.518125 0.488723
2366 0.518125 0.488723
2367 0.518125 0.488723
2368 0.518125 0.488723
2369 0.518125 0.488723
2370 0.454997 0.569898
2371 0.518125 0.488723
2372 0.518125 0.488723
2373 0.477913 0.528321
2374 0.518125 0.488723
2375 0.518125 0.488723
2376 0.518125 0.488723
2377 0.518125 0.488723
2378 0.518125 0.488723
2379 0.518125 0.488723
2380 0.518125 0.488723
2381 0.518125 0.488723
2382 0.502817 0.552254
2383 0.518125 0.488723
2384 0.518125 0.488723
2385 0.503083 0.557543
2386 0.518125 0.488723
2387 0.549812 0.568766
2388 0.518125 0.488723
2389 0.727514 0.331632
2390 0.519599 0.486078
2391 0.521386 0.54977
2392 0.518125 0.488723
2393 0.442576 0.451016
2394 0.518125 0.488723
2395 0.466707 0.464136
2396 0.518125 0.488723
2397 0.518125 0.488723
2398 0.518125 0.488723
2399 0.518125 0.488723
2400 0.518125 0.488723
2401 0.554876 0.531552
2402 0.518125 0.488723
2403 0.518125 0.488723
2404 0.477798 0.448519
2405 0.518125 0.488723
2406 0.518125 0.488723
2407 0.518125 0.488723
2408 0.518125 0.488723
2409 0.518125 0.488723
2410 0.518125 0.488723
2411 0.518125 0.488723
2412 0.518125 0.488723
2413 0.518125 0.488723
2414 0.518125 0.488723
2415 0.449453 0.459809
2416 0.518125 0.488723
2417 0.518125 0.488723
2418 0.518125 0.488723
2419 0.518125 0.488723
2420 0.518125 0.488723
2421 0.556454 0.527851
2422 0.518125 0.488723
2423 0.515028 0.548493
2424 0.449039 0.453545
2425 0.349402 0.644798
2426 0.518125 0.488723
2427 0.556366 0.445617
2428 0.411692 0.402495
2429 0.506788 0.475348
2430 0.518125 0.488723
2431 0.502562 0.494095
2432 0.518125 0.488723
2433 0.518125 0.488723
2434 0.518125 0.488723
2435 0.518125 0.488723
2436 0.518125 0.488723
2437 0.487782 0.501335
2438 0.508109 0.471802
2439 0.485775 0.457791
2440 0.518125 0.488723
2441 0.518125 0.488723
2442 0.518125 0.488723
2443 0.567005 0.533681
2444 0.52398 0.475919
2445 0.47887 0.449901
2446 0.518125 0.488723
2447 0.511928 0.494707
2448 0.611457 0.528806
2449 0.434293 0.41579
2450 0.518125 0.488723
2451 0.518815 0.444574
2452 0.518125 0.488723
2453 0.518125 0.488723
2454 0.586867 0.560107
2455 0.518125 0.488723
2456 0.477774 0.463191
2457 0.518125 0.488723
2458 0.518125 0.488723
2459 0.518125 0.488723
2460 0.494923 0.528752
2461 0.252406 0.704658
2462 0.518125 0.488723
2463 0.518125 0.488723
2464 0.518125 0.488723
2465 0.518125 0.488723
2466 0.518125 0.488723
2467 0.375601 0.442253
2468 0.518125 0.488723
2469 0.547759 0.465847
2470 0.518125 0.488723
2471 0.518125 0.488723
2472 0.518125 0.488723
2473 0.518125 0.488723
2474 0.483035 0.484943
2475 0.575688 0.431054
2476 0.57535 0.400595
2477 0.518125 0.488723
2478 0.518125 0.488723
2479 0.518125 0.488723
2480 0.566138 0.449009
2481 0.518125 0.488723
2482 0.518125 0.488723
2483 0.566994 0.463498
2484 0.460987 0.560171
2485 0.518125 0.488723
2486 0.518125 0.488723
2487 0.518125 0.488723
2488 0.560295 0.418638
2489 0.481495 0.525719
2490 0.576487 0.424522
2491 0.518125 0.488723
2492 0.458111 0.624273
2493 0.518125 0.488723
2494 0.518125 0.488723
2495 0.518125 0.488723
2496 0.448396 0.471687
2497 0.402557 0.474988
2498 0.518125 0.488723
2499 0.518125 0.488723
2500 0.518125 0.488723
2501 0.581838 0.503257
2502 0.518125 0.488723
2503 0.518125 0.488723
2504 0.518125 0.488723
2505 0.518125 0.488723
2506 0.518125 0.488723
2507 0.518125 0.488723
2508 0.518125 0.488723
2509 0.537617 0.481833
2510 0.416373 0.552523
2511 0.531507 0.498768
2512 0.518125 0.488723
2513 0.518125 0.488723
2514 0.442845 0.594103
2515 0.518125 0.488723
2516 0.518125 0.488723
2517 0.518125 0.488723
2518 0.562901 0.526653
2519 0.518125 0.488723
2520 0.518125 0.488723
2521 0.518125 0.488723
2522 0.370084 0.466536
2523 0.518125 0.488723
2524 0.518125 0.488723
2525 0.518125 0.488723
2526 0.518125 0.488723
2527 0.549116 0.456489
2528 0.518125 0.488723
2529 0.506908 0.481974
2530 0.461086 0.494239
2531 0.506669 0.471773
2532 0.518125 0.488723
2533 0.518125 0.488723
2534 0.491806 0.477715
2535 0.518125 0.488723
2536 0.518125 0.488723
2537 0.491086 0.455459
2538 0.518125 0.488723
2539 0.518125 0.488723
2540 0.571136 0.526125
2541 0.510589 0.473436
2542 0.367176 0.70742
2543 0.518125 0.488723
2544 0.489632 0.472034
2545 0.602879 0.452325
2546 0.518125 0.488723
2547 0.518125 0.488723
2548 0.518125 0.488723
2549 0.518125 0.488723
2550 0.518125 0.488723
2551 0.518125 0.488723
2552 0.518125 0.488723
2553 0.518125 0.488723
2554 0.518125 0.488723
2555 0.517541 0.470628
2556 0.518125 0.488723
2557 0.518125 0.488723
2558 0.544719 0.485314
2559 0.520231 0.491984
2560 0.249679 0.320106
2561 0.518125 0.488723
2562 0.518125 0.488723
2563 0.518125 0.488723
2564 0.565662 0.396999
2565 0.518125 0.488723
2566 0.518125 0.488723
2567 0.518125 0.488723
2568 0.507503 0.468055
2569 0.518125 0.488723
2570 0.518125 0.488723
2571 0.518125 0.488723
2572 0.518125 0.488723
2573 0.531312 0.472869
2574 0.518125 0.488723
2575 0.594622 0.573335
2576 0.518125 0.488723
2577 0.518125 0.488723
2578 0.518125 0.488723
2579 0.518125 0.488723
2580 0.530614 0.47815
2581 0.442677 0.559922
2582 0.54715 0.45327
2583 0.511604 0.529346
2584 0.518125 0.488723
2585 0.518125 0.488723
2586 0.518125 0.488723
2587 0.480635 0.512319
2588 0.518125 0.488723
2589 0.556199 0.414139
2590 0.518125 0.488723
2591 0.518125 0.488723
2592 0.518125 0.488723
2593 0.518125 0.488723
2594 0.518125 0.488723
2595 0.585403 0.422052
2596 0.518125 0.488723
2597 0.580124 0.581058
2598 0.518125 0.488723
2599 0.518125 0.488723
2600 0.518125 0.488723
2601 0.518125 0.488723
2602 0.518125 0.488723
2603 0.518125 0.488723
2604 0.518125 0.488723
2605 0.518125 0.488723
2606 0.458423 0.562962
2607 0.503571 0.507031
2608 0.463949 0.45881
2609 0.677017 0.625432
2610 0.518125 0.488723
2611 0.518125 0.488723
2612 0.518125 0.488723
2613 0.518125 0.488723
2614 0.47505 0.531697
2615 0.501444 0.514274
2616 0.518125 0.488723
2617 0.518125 0.488723
2618 0.518125 0.488723
2619 0.518125 0.488723
2620 0.518125 0.488723
2621 0.337668 0.622312
2622 0.518125 0.488723
2623 0.503116 0.470686
2624 0.518125 0.488723
2625 0.518125 0.488723
2626 0.518125 0.488723
2627 0.541242 0.549908
2628 0.524449 0.499316
2629 0.518125 0.488723
2630 0.518125 0.488723
2631 0.518125 0.488723
2632 0.518125 0.488723
2633 0.518125 0.488723
2634 0.518125 0.488723
2635 0.518125 0.488723
2636 0.518125 0.488723
2637 0.477381 0.529936
2638 0.511178 0.449444
2639 0.518125 0.488723
2640 0.518125 0.488723
2641 0.515836 0.477996
2642 0.499189 0.499071
2643 0.518125 0.488723
2644 0.532289 0.554451
2645 0.519992 0.545659
2646 0.573291 0.570126
2647 0.518125 0.488723
2648 0.435741 0.569141
2649 0.584974 0.461313
2650 0.518125 0.488723
2651 0.518125 0.488723
2652 0.470529 0.556112
2653 0.36653 0.509807
2654 0.518125 0.488723
2655 0.518125 0.488723
2656 0.518125 0.488723
2657 0.573394 0.504328
2658 0.507776 0.393415
2659 0.518125 0.488723
2660 0.552702 0.543344
2661 0.432321 0.413728
2662 0.518125 0.488723
2663 0.535506 0.523389
2664 0.518125 0.488723
2665 0.518125 0.488723
2666 0.518125 0.488723
2667 0.518125 0.488723
2668 0.530368 0.559525
2669 0.498281 0.470311
2670 0.538609 0.472158
2671 0.518125 0.488723
2672 0.518125 0.488723
2673 0.518125 0.488723
2674 0.507591 0.528671
2675 0.518125 0.488723
2676 0.518125 0.488723
2677 0.518125 0.488723
2678 0.518125 0.488723
2679 0.518125 0.488723
2680 0.518125 0.488723
2681 0.518125 0.488723
2682 0.518125 0.488723
2683 0.431035 0.475893
2684 0.530005 0.498586
2685 0.454684 0.422857
2686 0.562196 0.446319
2687 0.518125 0.488723
2688 0.474978 0.516259
2689 0.518125 0.488723
2690 0.515358 0.493608
2691 0.479412 0.53618
2692 0.518125 0.488723
2693 0.518125 0.488723
2694 0.584347 0.573958
2695 0.518125 0.488723
2696 0.507044 0.51233
2697 0.518125 0.488723
2698 0.529272 0.48316
2699 0.518125 0.488723
2700 0.518125 0.488723
2701 0.472292 0.458615
2702 0.562424 0.449415
2703 0.528031 0.528757
2704 0.518125 0.488723
2705 0.442201 0.547532
2706 0.518125 0.488723
2707 0.518125 0.488723
2708 0.518125 0.488723
2709 0.518125 0.488723
2710 0.518125 0.488723
2711 0.518125 0.488723
2712 0.518125 0.488723
2713 0.584402 0.482305
2714 0.49654 0.447914
2715 0.518125 0.488723
2716 0.535416 0.477008
2717 0.518125 0.488723
2718 0.518125 0.488723
2719 0.518125 0.488723
2720 0.518125 0.488723
2721 0.565453 0.414845
2722 0.518125 0.488723
2723 0.518125 0.488723
2724 0.518125 0.488723
2725 0.558711 0.524381
2726 0.574024 0.440539
2727 0.518125 0.488723
2728 0.518125 0.488723
2729 0.518125 0.488723
2730 0.518125 0.488723
2731 0.518125 0.488723
2732 0.570679 0.550813
2733 0.518125 0.488723
2734 0.522888 0.503525
2735 0.518125 0.488723
2736 0.577682 0.464678
2737 0.518125 0.488723
2738 0.491508 0.515891
2739 0.693041 0.666918
2740 0.391505 0.530993
2741 0.518125 0.488723
2742 0.518125 0.488723
2743 0.533181 0.478202
2744 0.518125 0.488723
2745 0.518125 0.488723
2746 0.518125 0.488723
2747 0.444492 0.602231
2748 0.523079 0.417053
2749 0.510107 0.519994
2750 0.498389 0.427271
2751 0.558508 0.502368
2752 0.518125 0.488723
2753 0.518125 0.488723
2754 0.518125 0.488723
2755 0.518125 0.488723
2756 0.518125 0.488723
2757 0.526652 0.527804
2758 0.591741 0.521129
2759 0.518125 0.488723
2760 0.479388 0.542467
2761 0.518125 0.488723
2762 0.489391 0.505871
2763 0.55851 0.448067
2764 0.600345 0.58332
2765 0.518125 0.488723
2766 0.466051 0.546453
2767 0.518125 0.488723
2768 0.518125 0.488723
2769 0.684268 0.42853
2770 0.24608 0.18477
2771 0.518125 0.488723
2772 0.265196 0.763419
2773 0.518125 0.488723
2774 0.518125 0.488723
2775 0.518125 0.488723
2776 0.518125 0.488723
2777 0.476664 0.477047
2778 0.439284 0.407681
2779 0.518125 0.488723
2780 0.556439 0.532223
2781 0.427155 0.469192
2782 0.565945 0.46101
2783 0.542621 0.509711
2784 0.471865 0.440547
2785 0.60283 0.406512
2786 0.549193 0.429086
2787 0.518125 0.488723
2788 0.518125 0.488723
2789 0.518125 0.488723
2790 0.518125 0.488723
2791 0.518125 0.488723
2792 0.518125 0.488723
2793 0.535496 0.458107
2794 0.518125 0.488723
2795 0.531114 0.353194
2796 0.518125 0.488723
2797 0.5697 0.53226
2798 0.518125 0.488723
2799 0.479173 0.552312
2800 0.518125 0.488723
2801 0.518125 0.488723
2802 0.518125 0.488723
2803 0.518125 0.488723
2804 0.518125 0.488723
2805 0.479438 0.489818
2806 0.513498 0.400869
2807 0.518125 0.488723
2808 0.545156 0.456242
2809 0.518125 0.488723
2810 0.518125 0.488723
2811 0.518125 0.488723
2812 0.518125 0.488723
2813 0.518125 0.488723
2814 0.518125 0.488723
2815 0.529159 0.396897
2816 0.583207 0.413259
2817 0.518125 0.488723
2818 0.518125 0.488723
2819 0.518125 0.488723
2820 0.518125 0.488723
2821 0.518125 0.488723
2822 0.518125 0.488723
2823 0.518125 0.488723
2824 0.518125 0.488723
2825 0.518125 0.488723
2826 0.518125 0.488723
2827 0.597633 0.541748
2828 0.518125 0.488723
2829 0.518125 0.488723
2830 0.518125 0.488723
2831 0.518125 0.488723
2832 0.470633 0.446698
2833 0.518125 0.488723
2834 0.518125 0.488723
2835 0.423295 0.392971
2836 0.518125 0.488723
2837 0.518125 0.488723
2838 0.518125 0.488723
2839 0.59373 0.405234
2840 0.746745 0.509436
2841 0.518125 0.488723
2842 0.518125 0.488723
2843 0.518125 0.488723
2844 0.518125 0.488723
2845 0.501755 0.495723
2846 0.518125 0.488723
2847 0.518125 0.488723
2848 0.518125 0.488723
2849 0.518125 0.488723
2850 0.413013 0.51669
2851 0.471494 0.452871
2852 0.518125 0.488723
2853 0.518125 0.488723
2854 0.51316 0.539322
2855 0.518125 0.488723
2856 0.441432 0.557174
2857 0.518125 0.488723
2858 0.518125 0.488723
2859 0.480972 0.43996
2860 0.518125 0.488723
2861 0.518125 0.488723
2862 0.518125 0.488723
2863 0.47687 0.443566
2864 0.518125 0.488723
2865 0.518125 0.488723
2866 0.518125 0.488723
2867 0.518125 0.488723
2868 0.518125 0.488723
2869 0.518125 0.488723
2870 0.518125 0.488723
2871 0.571906 0.39668
2872 0.518125 0.488723
2873 0.518125 0.488723
2874 0.518125 0.488723
2875 0.451936 0.514452
2876 0.518125 0.488723
2877 0.518125 0.488723
2878 0.41628 0.488427
2879 0.507296 0.483762
2880 0.520755 0.488374
2881 0.553161 0.475306
2882 0.518125 0.488723
2883 0.518125 0.488723
2884 0.518125 0.488723
2885 0.518125 0.488723
2886 0.518125 0.488723
2887 0.518125 0.488723
2888 0.531772 0.4706
2889 0.518125 0.488723
2890 0.518125 0.488723
2891 0.518125 0.488723
2892 0.520495 0.491554
2893 0.518125 0.488723
2894 0.518125 0.488723
2895 0.518125 0.488723
2896 0.518125 0.488723
2897 0.518125 0.488723
2898 0.510335 0.489016
2899 0.518125 0.488723
2900 0.518125 0.488723
2901 0.518125 0.488723
2902 0.518125 0.488723
2903 0.532666 0.491226
2904 0.518125 0.488723
2905 0.468773 0.540722
2906 0.518125 0.488723
2907 0.518125 0.488723
2908 0.518125 0.488723
2909 0.518125 0.488723
2910 0.518125 0.488723
2911 0.518125 0.488723
2912 0.429075 0.467324
2913 0.518125 0.488723
2914 0.518125 0.488723
2915 0.518125 0.488723
2916 0.518125 0.488723
2917 0.518125 0.488723
2918 0.518125 0.488723
2919 0.538129 0.573573
2920 0.518125 0.488723
2921 0.518125 0.488723
2922 0.58586 0.443691
2923 0.518125 0.488723
2924 0.518125 0.488723
2925 0.518125 0.488723
2926 0.457553 0.532415
2927 0.518125 0.488723
2928 0.518125 0.488723
2929 0.518125 0.488723
2930 0.518125 0.488723
2931 0.518125 0.488723
2932 0.4764 0.458683
2933 0.601225 0.575882
2934 0.505426 0.526394
2935 0.518125 0.488723
2936 0.521798 0.501587
2937 0.518125 0.488723
2938 0.518125 0.488723
2939 0.518125 0.488723
2940 0.518125 0.488723
2941 0.518125 0.488723
2942 0.518125 0.488723
2943 0.485018 0.450886
2944 0.518125 0.488723
2945 0.518125 0.488723
2946 0.461048 0.545521
2947 0.518125 0.488723
2948 0.518125 0.488723
2949 0.497 0.466468
2950 0.518125 0.488723
2951 0.507327 0.476498
2952 0.518125 0.488723
2953 0.518125 0.488723
2954 0.518125 0.488723
2955 0.481604 0.522114
2956 0.518125 0.488723
2957 0.518125 0.488723
2958 0.518125 0.488723
2959 0.518125 0.488723
2960 0.475883 0.450848
2961 0.550842 0.527209
2962 0.518125 0.488723
2963 0.518125 0.488723
2964 0.505951 0.464167
2965 0.518125 0.488723
2966 0.518125 0.488723
2967 0.518125 0.488723
2968 0.518125 0.488723
2969 0.518125 0.488723
2970 0.518125 0.488723
2971 0.553357 0.449265
2972 0.468637 0.540014
2973 0.518125 0.488723
2974 0.518125 0.488723
2975 0.702796 0.347658
2976 0.518125 0.488723
2977 0.518125 0.488723
2978 0.518125 0.488723
2979 0.42143 0.391735
2980 0.518125 0.488723
2981 0.518125 0.488723
2982 0.658135 0.373831
2983 0.518125 0.488723
2984 0.518125 0.488723
2985 0.51335 0.503886
2986 0.513252 0.462359
2987 0.518125 0.488723
2988 0.518125 0.488723
2989 0.518125 0.488723
2990 0.518125 0.488723
2991 0.518125 0.488723
2992 0.487632 0.525404
2993 0.518125 0.488723
2994 0.518125 0.488723
2995 0.514387 0.489215
2996 0.505073 0.507142
2997 0.68895 0.661026
2998 0.555577 0.464798
2999 0.518125 0.488723
3000 0.609979 0.437864
3001 0.518125 0.488723
3002 0.518125 0.488723
3003 0.504297 0.524726
3004 0.549978 0.435945
3005 0.518125 0.488723
3006 0.518125 0.488723
3007 0.63646 0.523796
3008 0.628043 0.489902
3009 0.518125 0.488723
3010 0.518125 0.488723
3011 0.450929 0.455809
3012 0.686407 0.349427
3013 0.518125 0.488723
3014 0.518125 0.488723
3015 0.518125 0.488723
3016 0.518125 0.488723
3017 0.518125 0.488723
3018 0.518125 0.488723
3019 0.545446 0.438484
3020 0.528311 0.52025
3021 0.518125 0.488723
3022 0.518125 0.488723
3023 0.518125 0.488723
3024 0.518125 0.488723
3025 0.518125 0.488723
3026 0.503157 0.480541
3027 0.518125 0.488723
3028 0.518125 0.488723
3029 0.518125 0.488723
3030 0.52665 0.498943
3031 0.518125 0.488723
3032 0.635279 0.435531
3033 0.441548 0.571761
3034 0.487727 0.522237
3035 0.518125 0.488723
3036 0.597495 0.373653
3037 0.539081 0.509938
3038 0.518125 0.488723
3039 0.518125 0.488723
3040 0.518125 0.488723
3041 0.49183 0.544209
3042 0.53454 0.500745
3043 0.518125 0.488723
3044 0.518125 0.488723
3045 0.518125 0.488723
3046 0.518125 0.488723
3047 0.518125 0.488723
3048 0.518125 0.488723
3049 0.437364 0.500373
3050 0.528037 0.454292
3051 0.482664 0.491235
3052 0.529849 0.46759
3053 0.518125 0.488723
3054 0.369659 0.463187
3055 0.523154 0.495023
3056 0.518125 0.488723
3057 0.518125 0.488723
3058 0.518125 0.488723
3059 0.518125 0.488723
3060 0.472534 0.474169
3061 0.518125 0.488723
3062 0.518125 0.488723
3063 0.518125 0.488723
3064 0.518125 0.488723
3065 0.337557 0.486328
3066 0.518125 0.488723
3067 0.518125 0.488723
3068 0.518125 0.488723
3069 0.518125 0.488723
3070 0.518125 0.488723
3071 0.518125 0.488723
3072 0.518125 0.488723
3073 0.518125 0.488723
3074 0.470039 0.570031
3075 0.518125 0.488723
3076 0.518125 0.488723
3077 0.509806 0.509842
3078 0.518125 0.488723
3079 0.518125 0.488723
3080 0.511616 0.511685
3081 0.518125 0.488723
3082 0.592275 0.552693
3083 0.518125 0.488723
3084 0.579081 0.524081
3085 0.572642 0.437897
3086 0.489579 0.534808
3087 0.518125 0.488723
3088 0.498034 0.497709
3089 0.518125 0.488723
3090 0.518125 0.488723
3091 0.725949 0.679044
3092 0.518125 0.488723
3093 0.518125 0.488723
3094 0.518125 0.488723
3095 0.536824 0.540481
3096 0.690285 0.346225
3097 0.479281 0.45935
3098 0.518125 0.488723
3099 0.536976 0.524365
3100 0.6046 0.486324
3101 0.518125 0.488723
3102 0.518125 0.488723
3103 0.496514 0.409278
3104 0.518125 0.488723
3105 0.518125 0.488723
3106 0.518125 0.488723
3107 0.508165 0.585574
3108 0.518125 0.488723
3109 0.518125 0.488723
3110 0.475969 0.486737
3111 0.518125 0.488723
3112 0.459834 0.489738
3113 0.518125 0.488723
3114 0.518125 0.488723
3115 0.518125 0.488723
3116 0.588977 0.428091
3117 0.518125 0.488723
3118 0.518125 0.488723
3119 0.518125 0.488723
3120 0.518125 0.488723
3121 0.518125 0.488723
3122 0.518125 0.488723
3123 0.518125 0.488723
3124 0.543405 0.423037
3125 0.465834 0.496709
3126 0.518125 0.488723
3127 0.518125 0.488723
3128 0.518125 0.488723
3129 0.502808 0.495067
3130 0.518125 0.488723
3131 0.518125 0.488723
3132 0.518125 0.488723
3133 0.518125 0.488723
3134 0.518125 0.488723
3135 0.518125 0.488723
3136 0.506626 0.448596
3137 0.518125 0.488723
3138 0.476678 0.533409
3139 0.518125 0.488723
3140 0.375285 0.367722
3141 0.518125 0.488723
3142 0.5566 0.534199
3143 0.560476 0.584097
3144 0.509884 0.559172
3145 0.518125 0.488723
3146 0.517877 0.486412
3147 0.518125 0.488723
3148 0.518125 0.488723
3149 0.518125 0.488723
3150 0.518125 0.488723
3151 0.538415 0.510435
3152 0.518125 0.488723
3153 0.542513 0.505357
3154 0.518125 0.488723
3155 0.496903 0.475418
3156 0.518125 0.488723
3157 0.479388 0.486959
3158 0.561987 0.528309
3159 0.518125 0.488723
3160 0.518125 0.488723
3161 0.518125 0.488723
3162 0.518125 0.488723
3163 0.518125 0.488723
3164 0.518125 0.488723
3165 0.518125 0.488723
3166 0.478962 0.542061
3167 0.518125 0.488723
3168 0.518125 0.488723
3169 0.518125 0.488723
3170 0.518125 0.488723
3171 0.518125 0.488723
3172 0.532112 0.50203
3173 0.559708 0.530964
3174 0.518125 0.488723
3175 0.518125 0.488723
3176 0.518125 0.488723
3177 0.518125 0.488723
3178 0.518125 0.488723
3179 0.435516 0.506987
3180 0.560626 0.49112
3181 0.518125 0.488723
3182 0.518125 0.488723
3183 0.518125 0.488723
3184 0.518125 0.488723
3185 0.518125 0.488723
3186 0.518125 0.488723
3187 0.718954 0.687263
3188 0.518125 0.488723
3189 0.518125 0.488723
3190 0.479165 0.575752
3191 0.518125 0.488723
3192 0.518125 0.488723
3193 0.541931 0.460728
3194 0.518125 0.488723
3195 0.518125 0.488723
3196 0.532333 0.449021
3197 0.568634 0.434323
3198 0.456773 0.487101
3199 0.522277 0.464774
3200 0.553473 0.428576
3201 0.55661 0.448538
3202 0.518125 0.488723
3203 0.518125 0.488723
3204 0.503578 0.513167
3205 0.511618 0.463699
3206 0.505205 0.500149
3207 0.518125 0.488723
3208 0.50348 0.575014
3209 0.518125 0.488723
3210 0.518125 0.488723
3211 0.518125 0.488723
3212 0.518125 0.488723
3213 0.518125 0.488723
3214 0.518125 0.488723
3215 0.518125 0.488723
3216 0.518125 0.488723
3217 0.602628 0.535206
3218 0.518125 0.488723
3219 0.388101 0.537337
3220 0.220065 0.713042
3221 0.591842 0.452007
3222 0.518125 0.488723
3223 0.469358 0.532107
3224 0.518125 0.488723
3225 0.482681 0.614267
3226 0.430314 0.516745
3227 0.518125 0.488723
3228 0.483171 0.536895
3229 0.442905 0.526292
3230 0.518125 0.488723
3231 0.569043 0.590845
3232 0.583563 0.540019
3233 0.349276 0.723011
3234 0.497683 0.467425
3235 0.533559 0.507807
3236 0.518125 0.488723
3237 0.518125 0.488723
3238 0.518125 0.488723
3239 0.518125 0.488723
3240 0.523804 0.537751
3241 0.518125 0.488723
3242 0.535124 0.488551
3243 0.521588 0.472644
3244 0.518125 0.488723
3245 0.518125 0.488723
3246 0.554699 0.451439
3247 0.518125 0.488723
3248 0.518125 0.488723
3249 0.527254 0.553252
3250 0.500527 0.434293
3251 0.518125 0.488723
3252 0.530957 0.596717
3253 0.518125 0.488723
3254 0.518125 0.488723
3255 0.536511 0.45884
3256 0.518125 0.488723
3257 0.518125 0.488723
3258 0.518125 0.488723
3259 0.518125 0.488723
3260 0.518125 0.488723
3261 0.50214 0.471401
3262 0.518125 0.488723
3263 0.518125 0.488723
3264 0.518125 0.488723
3265 0.374556 0.56412
3266 0.562018 0.465986
3267 0.518125 0.488723
3268 0.518125 0.488723
3269 0.518125 0.488723
3270 0.518125 0.488723
3271 0.515495 0.562117
3272 0.518125 0.488723
3273 0.602698 0.414145
3274 0.518125 0.488723
3275 0.518125 0.488723
3276 0.518125 0.488723
3277 0.518125 0.488723
3278 0.545033 0.685404
3279 0.518125 0.488723
3280 0.518125 0.488723
3281 0.518125 0.488723
3282 0.518125 0.488723
3283 0.518125 0.488723
3284 0.518125 0.488723
3285 0.410551 0.612434
3286 0.518125 0.488723
3287 0.470791 0.451698
3288 0.62997 0.46357
3289 0.564378 0.414079
3290 0.518125 0.488723
3291 0.518125 0.488723
3292 0.518125 0.488723
3293 0.518125 0.488723
3294 0.518125 0.488723
3295 0.518125 0.488723
3296 0.518125 0.488723
3297 0.510978 0.495494
3298 0.518125 0.488723
3299 0.518125 0.488723
3300 0.518125 0.488723
3301 0.418189 0.591702
3302 0.518125 0.488723
3303 0.518125 0.488723
3304 0.518125 0.488723
3305 0.518125 0.488723
3306 0.518125 0.488723
3307 0.531532 0.505897
3308 0.518125 0.488723
3309 0.360676 0.372345
3310 0.518125 0.488723
3311 0.518125 0.488723
