0 0.251312 0.102128
1 0.509985 0.275391
2 0.447928 0.238605
3 0.850148 0.26305
4 0.71186 0.581327
5 0.346098 0.849862
6 0.278951 0.868479
7 0.341711 0.416241
8 0.995809 0.341861
9 0.00362721 0.727774
10 0.142164 0.396359
11 0.746449 0.616121
12 0.55347 0.149974
13 0.14221 0.814687
14 0.54807 0.0308012
15 0.656179 0.161244
16 0.814225 0.31681
17 0.109014 0.946369
18 0.807242 0.425847
19 0.314897 0.459563
20 0.730948 0.302587
21 0.806667 0.314024
22 0.165502 0.817151
23 0.778482 0.539168
24 0.727871 0.151426
25 0.123365 0.795213
26 0.144245 0.799788
27 0.176366 0.739989
28 0.493809 0.282929
29 0.0493912 0.352476
30 0.377945 0.374202
31 0.27901 0.870823
32 0.0888958 0.730517
33 0.597252 0.176003
34 0.644952 0.272802
35 0.138703 0.394571
36 0.556936 0.542491
37 0.661644 0.277875
38 0.524162 0.159069
39 0.461719 0.817405
40 0.402364 0.409025
41 0.128017 0.777257
42 0.378293 0.252867
43 0.24233 0.323511
44 0.599681 0.289505
45 0.86077 0.351931
46 0.228733 0.351887
47 0.445752 0.145947
48 0.32111 0.83715
49 0.616277 0.315881
50 0.833489 0.401207
51 0.87633 0.700216
52 0.439979 0.129662
53 0.505258 0.281176
54 0.276351 0.681517
55 0.799998 0.438172
56 0.346949 0.837863
57 0.394927 0.997876
58 0.506087 0.171728
59 0.873067 0.136307
60 0.102432 0.729433
61 0.488974 0.250278
