0 0.498706 0.515083
1 0.458102 0.554969
2 0.550984 0.477428
3 0.48713 0.460028
4 0.509869 0.503762
5 0.521843 0.530113
6 0.461746 0.55843
7 0.402391 0.383822
8 0.545695 0.57423
9 0.474492 0.475274
10 0.463186 0.472954
11 0.512189 0.518456
12 0.509982 0.540485
13 0.467571 0.550209
14 0.54343 0.505729
15 0.494952 0.542453
16 0.502419 0.516384
17 0.54233 0.549675
18 0.552176 0.450785
19 0.472936 0.479364
20 0.499921 0.476706
21 0.418509 0.471694
22 0.538512 0.488283
23 0.588324 0.416975
24 0.56412 0.544168
25 0.484034 0.536641
26 0.54085 0.51722
27 0.510611 0.52503
28 0.453696 0.559389
29 0.529476 0.497637
30 0.531976 0.451812
31 0.490443 0.522209
32 0.456062 0.456086
33 0.515765 0.435065
34 0.485789 0.485023
35 0.464756 0.553155
36 0.538671 0.420331
37 0.418905 0.55334
38 0.476292 0.535052
39 0.517981 0.494796
40 0.462143 0.557991
41 0.573385 0.458554
42 0.467335 0.486202
43 0.429897 0.549542
44 0.57645 0.444414
45 0.553463 0.430326
46 0.51068 0.507973
47 0.486366 0.552896
48 0.435016 0.437239
49 0.459765 0.562865
50 0.548428 0.45172
51 0.486528 0.552732
52 0.59584 0.459381
53 0.430379 0.43568
54 0.492402 0.506166
55 0.45323 0.475533
56 0.505894 0.517718
57 0.538569 0.436363
58 0.464108 0.521637
59 0.554121 0.475578
60 0.487233 0.488261
61 0.485372 0.482147
62 0.468141 0.508164
63 0.442783 0.49244
64 0.54714 0.527153
65 0.53796 0.491411
66 0.518318 0.503688
67 0.40975 0.483254
68 0.521957 0.484096
69 0.400844 0.511702
70 0.468244 0.553845
71 0.46096 0.492797
72 0.529575 0.489897
73 0.475799 0.493529
74 0.452011 0.506609
75 0.50259 0.490916
76 0.52055 0.569136
77 0.494575 0.541863
78 0.500794 0.472482
79 0.52254 0.571138
80 0.558479 0.508206
81 0.492185 0.523637
82 0.437997 0.504648
83 0.45449 0.603597
84 0.471643 0.532226
85 0.506991 0.508678
86 0.513952 0.525059
87 0.455333 0.556681
88 0.54174 0.492138
89 0.547768 0.556225
90 0.581338 0.558871
91 0.549636 0.46711
92 0.517166 0.597427
93 0.546811 0.552543
94 0.537215 0.4805
95 0.401445 0.434067
96 0.464794 0.453345
97 0.540532 0.594059
98 0.502138 0.511256
99 0.508651 0.505873
100 0.463126 0.480883
101 0.396338 0.569667
102 0.487173 0.560202
103 0.469296 0.480219
104 0.513387 0.486845
105 0.508212 0.507299
106 0.495551 0.523251
107 0.549161 0.473869
108 0.510995 0.523408
109 0.490686 0.542647
110 0.507063 0.510347
111 0.544744 0.559834
112 0.532359 0.517075
113 0.590853 0.588464
114 0.573087 0.522775
115 0.461145 0.50792
116 0.504624 0.52926
117 0.536875 0.51733
118 0.552997 0.467692
119 0.468056 0.55553
120 0.444581 0.602901
121 0.39562 0.497087
122 0.489365 0.481131
123 0.568304 0.485692
124 0.517516 0.506673
125 0.591449 0.497549
126 0.493624 0.548698
127 0.47744 0.514452
128 0.504855 0.522391
129 0.561069 0.549018
130 0.49808 0.517322
131 0.533955 0.559983
132 0.572078 0.602689
133 0.606935 0.562008
134 0.558475 0.541185
135 0.551292 0.561442
136 0.532686 0.546664
137 0.498022 0.545735
138 0.496572 0.50688
139 0.497464 0.515173
140 0.46401 0.473772
141 0.466338 0.554184
142 0.557495 0.479522
143 0.470754 0.553771
144 0.408188 0.504781
145 0.580027 0.588681
146 0.467309 0.49687
147 0.464417 0.470699
148 0.539852 0.576824
149 0.513368 0.504485
150 0.601787 0.49174
151 0.490644 0.504285
152 0.544135 0.508185
153 0.457605 0.488532
154 0.537613 0.56009
155 0.491783 0.556132
156 0.577905 0.530784
157 0.516945 0.55451
158 0.539063 0.61772
159 0.5096 0.499043
160 0.526249 0.520881
161 0.475842 0.49179
162 0.442049 0.493443
163 0.472686 0.48208
164 0.640831 0.517143
165 0.425271 0.494764
166 0.467267 0.558961
167 0.484639 0.470616
168 0.462424 0.471517
169 0.521638 0.556741
170 0.473075 0.556774
171 0.510881 0.446371
172 0.562286 0.556929
173 0.533411 0.449776
174 0.520391 0.490912
175 0.462714 0.466763
176 0.459274 0.559856
177 0.542429 0.463662
178 0.497322 0.515558
179 0.572881 0.459894
180 0.543911 0.477806
181 0.573069 0.428784
182 0.467177 0.549466
183 0.520958 0.529531
184 0.522793 0.577929
185 0.541623 0.521141
186 0.443275 0.604054
187 0.556761 0.533539
188 0.535452 0.540933
189 0.560355 0.556872
190 0.480333 0.518495
191 0.544448 0.562054
192 0.387288 0.586268
193 0.516744 0.507147
194 0.512052 0.506786
195 0.495 0.52634
196 0.505565 0.514518
197 0.520822 0.420578
198 0.451775 0.496796
199 0.514579 0.527807
200 0.545261 0.556504
201 0.528989 0.55631
202 0.512227 0.49877
203 0.517528 0.490919
204 0.539246 0.509834
205 0.534548 0.524979
206 0.523827 0.575729
207 0.509519 0.546436
208 0.462697 0.474377
209 0.534834 0.550725
210 0.535834 0.510486
211 0.51743 0.488575
212 0.471969 0.513897
213 0.529945 0.426377
214 0.473576 0.568202
215 0.526756 0.545745
216 0.594968 0.584245
217 0.556367 0.507649
218 0.459607 0.430848
219 0.446932 0.460178
220 0.465002 0.499998
221 0.488555 0.491345
222 0.471673 0.472351
223 0.514025 0.525937
224 0.481306 0.508547
225 0.436432 0.56399
226 0.510444 0.495785
227 0.519606 0.507697
228 0.502989 0.515305
229 0.580969 0.522139
230 0.509001 0.512877
231 0.549895 0.469712
232 0.476008 0.495427
233 0.499828 0.528359
234 0.52968 0.480013
235 0.509975 0.512948
236 0.53718 0.470122
237 0.462625 0.508894
238 0.4381 0.582125
239 0.51844 0.524352
240 0.589101 0.376556
241 0.462074 0.557253
242 0.462432 0.445093
243 0.547019 0.554736
244 0.506319 0.514937
245 0.59765 0.539365
246 0.492337 0.4742
247 0.468471 0.471131
248 0.495617 0.507408
249 0.508253 0.524153
250 0.470934 0.497529
251 0.463787 0.570803
252 0.445691 0.513379
253 0.486059 0.52801
254 0.47451 0.544484
255 0.473151 0.554989
256 0.434517 0.57151
257 0.547976 0.54995
258 0.476042 0.477679
259 0.522836 0.481455
260 0.528961 0.534244
261 0.515539 0.390506
262 0.519216 0.552951
263 0.520459 0.470509
264 0.544748 0.55888
265 0.524307 0.488428
266 0.610276 0.559475
267 0.539166 0.597028
268 0.440802 0.442344
269 0.4628 0.468662
270 0.461145 0.507894
271 0.514646 0.426344
272 0.501525 0.486203
273 0.524817 0.515024
274 0.482771 0.459635
275 0.463756 0.472023
276 0.495731 0.500077
277 0.505031 0.509683
278 0.473881 0.530765
279 0.546012 0.555996
280 0.515088 0.585664
281 0.536709 0.505526
282 0.52 0.489234
283 0.543436 0.436513
284 0.456824 0.434721
285 0.535929 0.536417
286 0.438126 0.466607
287 0.499392 0.51896
288 0.554359 0.546189
289 0.504973 0.492523
290 0.432322 0.570624
291 0.529543 0.558268
292 0.572884 0.47822
293 0.548251 0.526421
294 0.470952 0.467216
295 0.535708 0.488527
296 0.498406 0.504013
297 0.527825 0.5198
298 0.548669 0.470632
299 0.509218 0.541896
300 0.495881 0.523136
301 0.547063 0.472827
302 0.510827 0.521483
303 0.452792 0.51132
304 0.401537 0.484367
305 0.498704 0.505941
306 0.542775 0.601342
307 0.538633 0.475281
308 0.54963 0.560249
309 0.447819 0.562323
310 0.474121 0.470449
311 0.488827 0.497313
312 0.526628 0.547103
313 0.540115 0.482962
314 0.60752 0.495225
315 0.578481 0.48751
316 0.544833 0.465099
317 0.433429 0.47942
318 0.461973 0.479118
319 0.454775 0.574447
320 0.494266 0.514309
321 0.566135 0.5552
322 0.476778 0.488966
323 0.562401 0.570331
324 0.466096 0.545938
325 0.540984 0.529677
326 0.54509 0.496114
327 0.497458 0.535203
328 0.501188 0.513973
329 0.461227 0.522075
330 0.58605 0.431092
331 0.54513 0.478154
332 0.511803 0.461379
333 0.440822 0.499702
334 0.475729 0.581642
335 0.54382 0.475448
336 0.514042 0.468465
337 0.513753 0.464526
338 0.479307 0.559111
339 0.484086 0.495148
340 0.525545 0.542928
341 0.527454 0.54391
342 0.495548 0.50721
343 0.522893 0.49989
344 0.474312 0.486556
345 0.464675 0.551418
346 0.491401 0.506871
347 0.504505 0.533919
348 0.431528 0.5407
349 0.615184 0.443203
350 0.432532 0.478689
351 0.518385 0.515847
352 0.509705 0.482385
353 0.490326 0.508379
354 0.484456 0.567114
355 0.443521 0.495112
356 0.449322 0.503063
357 0.465376 0.477731
358 0.549604 0.519097
359 0.526976 0.492622
360 0.473104 0.484699
361 0.509992 0.520305
362 0.504299 0.500803
363 0.551705 0.477919
364 0.547605 0.556406
365 0.519814 0.518989
366 0.462182 0.471231
367 0.548139 0.556661
368 0.56975 0.437445
369 0.471315 0.556665
370 0.549641 0.581807
371 0.513192 0.575962
372 0.52457 0.515024
373 0.543999 0.563031
374 0.476858 0.474536
375 0.504877 0.599984
376 0.510585 0.533977
377 0.48988 0.546449
378 0.513011 0.498062
379 0.557676 0.458845
380 0.580094 0.441092
381 0.509013 0.456744
382 0.479098 0.495779
383 0.468358 0.540328
384 0.450221 0.54953
385 0.43054 0.438748
386 0.508793 0.516543
387 0.599541 0.428016
388 0.520249 0.479082
389 0.442188 0.551531
390 0.505566 0.511078
391 0.511081 0.54024
392 0.541434 0.466014
393 0.51175 0.4859
394 0.536537 0.483894
395 0.540782 0.460656
396 0.490187 0.525593
397 0.480378 0.464115
398 0.515343 0.561951
399 0.525875 0.470068
400 0.501462 0.514482
401 0.483231 0.535283
402 0.611163 0.57971
403 0.515418 0.587661
404 0.546928 0.471285
405 0.474426 0.549859
406 0.534752 0.536337
407 0.559547 0.470677
408 0.462889 0.558794
409 0.552717 0.479162
410 0.504404 0.514893
411 0.494646 0.533865
412 0.531445 0.59381
413 0.515873 0.495221
414 0.522591 0.508672
415 0.511338 0.520426
416 0.523372 0.474465
417 0.441337 0.511028
418 0.456692 0.519232
419 0.568259 0.617257
420 0.471873 0.557084
421 0.510631 0.515291
422 0.517526 0.45499
423 0.45516 0.548763
424 0.554366 0.562962
425 0.581828 0.473974
426 0.513407 0.539146
427 0.524062 0.488898
428 0.493054 0.543784
429 0.553809 0.448877
430 0.493506 0.5327
431 0.490121 0.444708
432 0.482761 0.525034
433 0.467631 0.487316
434 0.565288 0.550187
435 0.430385 0.508165
436 0.459897 0.559813
437 0.515296 0.514591
438 0.482409 0.524322
439 0.514738 0.482755
440 0.551059 0.473081
441 0.507054 0.472291
442 0.547464 0.559588
443 0.526759 0.523894
444 0.508148 0.577371
445 0.53915 0.551619
446 0.54712 0.558007
447 0.495499 0.5308
448 0.546477 0.558369
449 0.502888 0.524819
450 0.529824 0.542464
451 0.499759 0.480011
452 0.44745 0.437172
453 0.519309 0.523391
454 0.451202 0.474394
455 0.507603 0.374818
456 0.414529 0.432555
457 0.499638 0.517517
458 0.551472 0.554547
459 0.524538 0.507334
460 0.493148 0.524653
461 0.39157 0.574697
462 0.50718 0.497443
463 0.557453 0.507736
464 0.484215 0.469939
465 0.488349 0.563828
466 0.502419 0.516384
467 0.476908 0.502439
468 0.53095 0.466641
469 0.5265 0.466132
470 0.4567 0.474035
471 0.461164 0.474816
472 0.489462 0.509624
473 0.461625 0.470634
474 0.531659 0.528385
475 0.548011 0.560866
476 0.552203 0.439955
477 0.562837 0.536268
478 0.499287 0.531177
479 0.494393 0.515121
480 0.573777 0.463388
481 0.514747 0.473006
482 0.512189 0.589624
483 0.508407 0.507495
484 0.502341 0.520552
485 0.489705 0.524032
486 0.540809 0.545674
487 0.518821 0.525725
488 0.511152 0.564635
489 0.546062 0.474273
490 0.511275 0.451876
491 0.466779 0.50208
492 0.447508 0.454814
493 0.439438 0.481048
494 0.523741 0.474135
495 0.50504 0.507519
496 0.50386 0.499467
497 0.50531 0.514629
498 0.478244 0.515398
499 0.523013 0.470231
500 0.652215 0.363941
501 0.585736 0.596467
502 0.488492 0.507914
503 0.475163 0.459648
504 0.485622 0.492719
505 0.501753 0.512015
506 0.551483 0.555262
507 0.510191 0.484948
508 0.439773 0.49089
509 0.506753 0.516183
510 0.465128 0.491395
511 0.439556 0.547389
512 0.604815 0.559721
513 0.460575 0.454255
514 0.518444 0.488009
515 0.583802 0.512277
516 0.501863 0.53112
517 0.522769 0.43526
518 0.506529 0.512743
519 0.448985 0.602003
520 0.545888 0.475047
521 0.601177 0.527275
522 0.442309 0.592839
523 0.505244 0.528227
524 0.552635 0.449259
525 0.468503 0.510595
526 0.508788 0.520001
527 0.48617 0.512145
528 0.51091 0.515171
529 0.542062 0.530241
530 0.549279 0.558054
531 0.557524 0.552377
532 0.500567 0.513054
533 0.494712 0.499126
534 0.505673 0.515324
535 0.50317 0.516053
536 0.533348 0.484329
537 0.465672 0.475706
538 0.51625 0.502335
539 0.535998 0.547652
540 0.510742 0.546746
541 0.543041 0.461179
542 0.437934 0.554001
543 0.501345 0.517044
544 0.549211 0.558304
545 0.500002 0.50987
546 0.447378 0.505362
547 0.463633 0.481228
548 0.506514 0.514449
549 0.464197 0.541487
550 0.500408 0.520799
551 0.402049 0.574512
552 0.493979 0.47556
553 0.43403 0.439901
554 0.496787 0.529757
555 0.56578 0.476376
556 0.532675 0.508049
557 0.503644 0.517712
558 0.468748 0.499893
559 0.440246 0.497184
560 0.544974 0.447649
561 0.547083 0.559846
562 0.513987 0.533369
563 0.528828 0.514228
564 0.522691 0.498192
565 0.495924 0.524792
566 0.471439 0.579333
567 0.520789 0.515873
568 0.550917 0.471696
569 0.507603 0.481438
570 0.46705 0.517836
571 0.577225 0.584387
572 0.508953 0.493455
573 0.504312 0.508538
574 0.533957 0.574618
575 0.473244 0.474381
576 0.503532 0.530295
577 0.477207 0.505923
578 0.506178 0.482651
579 0.494728 0.518959
580 0.514205 0.516011
581 0.47543 0.477409
582 0.514795 0.469911
583 0.465415 0.485875
584 0.418011 0.547426
585 0.486389 0.480837
586 0.537346 0.472818
587 0.519827 0.540084
588 0.489452 0.479681
589 0.538693 0.465935
590 0.463059 0.470173
591 0.467653 0.533908
592 0.560114 0.503471
593 0.448931 0.46109
594 0.489993 0.551863
595 0.502393 0.52588
596 0.46691 0.542653
597 0.516252 0.503377
598 0.439704 0.543432
599 0.462156 0.473216
600 0.528168 0.484185
601 0.535301 0.476193
602 0.51603 0.497437
603 0.434758 0.569258
604 0.465401 0.585236
605 0.530939 0.474306
606 0.467104 0.474259
607 0.558368 0.548679
608 0.503644 0.471808
609 0.523281 0.431357
610 0.461162 0.472957
611 0.480403 0.523955
612 0.459166 0.481377
613 0.445395 0.544975
614 0.5463 0.553377
615 0.455331 0.497338
616 0.522372 0.522643
617 0.50229 0.506071
618 0.437404 0.554513
619 0.55987 0.575032
620 0.550079 0.461869
621 0.505692 0.51851
622 0.36705 0.551562
623 0.510481 0.516817
624 0.521203 0.508929
625 0.496195 0.475505
626 0.490486 0.514919
627 0.516975 0.541112
628 0.551523 0.531472
629 0.451005 0.555336
630 0.485926 0.558319
631 0.468997 0.567844
632 0.525658 0.49583
633 0.449869 0.455131
634 0.526914 0.440432
635 0.533301 0.486809
636 0.462054 0.471593
637 0.548555 0.534637
638 0.47047 0.529677
639 0.495477 0.545064
640 0.487148 0.465221
641 0.50531 0.514629
642 0.536942 0.462582
643 0.523351 0.544854
644 0.461478 0.459996
645 0.430516 0.546855
646 0.465331 0.477358
647 0.505629 0.510585
648 0.512789 0.508836
649 0.500085 0.51073
650 0.505976 0.516532
651 0.496303 0.511486
652 0.463615 0.481889
653 0.499697 0.488399
654 0.4633 0.503246
655 0.49233 0.570038
656 0.44585 0.595056
657 0.5553 0.478514
658 0.545344 0.475496
659 0.491111 0.517474
660 0.468348 0.47814
661 0.495888 0.514971
662 0.456258 0.495015
663 0.504668 0.502325
664 0.50977 0.493801
665 0.448167 0.578725
666 0.463002 0.431693
667 0.608945 0.463487
668 0.457056 0.554248
669 0.514389 0.509048
670 0.546072 0.478456
671 0.503594 0.500617
672 0.568553 0.429366
673 0.503445 0.517538
674 0.502683 0.51017
675 0.533082 0.500037
676 0.562178 0.595229
677 0.424382 0.545576
678 0.502501 0.522613
679 0.47368 0.499266
680 0.486952 0.471135
681 0.493977 0.508914
682 0.552561 0.509295
683 0.447553 0.49074
684 0.507039 0.537217
685 0.505727 0.510222
686 0.522784 0.572326
687 0.504017 0.537841
688 0.51036 0.494876
689 0.511072 0.449906
690 0.495145 0.443879
691 0.483097 0.482952
692 0.502003 0.444821
693 0.458525 0.543085
694 0.521955 0.55755
695 0.513973 0.550024
696 0.50342 0.511793
697 0.540364 0.511917
698 0.498886 0.504464
699 0.534046 0.544263
700 0.538212 0.557802
701 0.572477 0.559059
702 0.468931 0.506679
703 0.534435 0.41373
704 0.502671 0.516833
705 0.417791 0.405774
706 0.392695 0.472902
707 0.513139 0.51113
708 0.457042 0.608743
709 0.589296 0.617661
710 0.499293 0.497914
711 0.462184 0.472436
712 0.620627 0.535888
713 0.541341 0.398532
714 0.504134 0.524608
715 0.475741 0.532158
716 0.458537 0.473036
717 0.53146 0.5184
718 0.463246 0.591851
719 0.471378 0.480193
720 0.459989 0.470374
721 0.469578 0.456792
722 0.487317 0.479036
723 0.519061 0.437218
724 0.465652 0.540437
725 0.502244 0.511967
726 0.578201 0.504773
727 0.457855 0.56599
728 0.540871 0.575068
729 0.455091 0.551897
730 0.490148 0.475655
731 0.545856 0.556335
732 0.454078 0.519293
733 0.544522 0.637273
734 0.480319 0.48174
735 0.567008 0.445207
736 0.457042 0.608743
737 0.45301 0.567937
738 0.443266 0.586266
739 0.513648 0.522221
740 0.629193 0.459997
741 0.513143 0.506548
742 0.480322 0.503641
743 0.504759 0.514863
744 0.4971 0.527867
745 0.483167 0.533348
746 0.545035 0.554775
747 0.519344 0.499821
748 0.484921 0.490756
749 0.546804 0.541591
750 0.462385 0.47129
751 0.457042 0.608743
752 0.538764 0.556636
753 0.500066 0.549209
754 0.551745 0.545621
755 0.476551 0.534607
756 0.464459 0.554834
757 0.407847 0.515175
758 0.507968 0.495143
759 0.524765 0.468199
760 0.549084 0.470992
761 0.506016 0.514748
762 0.544966 0.488917
763 0.543351 0.485701
764 0.483802 0.505103
765 0.464568 0.471744
766 0.490673 0.470379
767 0.550113 0.473374
768 0.44985 0.55836
769 0.477382 0.474028
770 0.461745 0.469695
771 0.425038 0.399446
772 0.486361 0.515354
773 0.501418 0.519912
774 0.474464 0.537719
775 0.493322 0.547851
776 0.461235 0.421833
777 0.483699 0.426635
778 0.506224 0.556995
779 0.542388 0.590741
780 0.434543 0.585575
781 0.51699 0.510031
782 0.534756 0.477139
783 0.567309 0.434469
784 0.521969 0.527821
785 0.431934 0.592161
786 0.521548 0.555616
787 0.491309 0.532283
788 0.559014 0.52885
789 0.510521 0.51614
790 0.55421 0.452356
791 0.463405 0.475624
792 0.412443 0.505469
793 0.546536 0.495484
794 0.461925 0.556949
795 0.54666 0.471239
796 0.510295 0.524233
797 0.531938 0.57404
798 0.404078 0.493713
799 0.517945 0.517643
800 0.405854 0.448413
801 0.51061 0.518352
802 0.554062 0.445806
803 0.561782 0.529042
804 0.560223 0.475171
805 0.544308 0.474962
806 0.552337 0.568676
807 0.520689 0.453139
808 0.50728 0.457874
809 0.533478 0.436753
810 0.6027 0.563851
811 0.501045 0.517494
812 0.508997 0.512053
813 0.506675 0.544273
814 0.46891 0.51573
815 0.467404 0.473137
816 0.493883 0.454132
817 0.557169 0.489224
818 0.452556 0.498891
819 0.500887 0.549538
820 0.601098 0.49392
821 0.500871 0.513704
822 0.529716 0.525821
823 0.541517 0.498663
824 0.480004 0.532193
825 0.566619 0.530938
826 0.419393 0.452273
827 0.485416 0.518792
828 0.502007 0.517113
829 0.507075 0.575302
830 0.545579 0.4824
831 0.52761 0.513653
832 0.533722 0.482478
833 0.579636 0.437026
834 0.43311 0.594929
835 0.535936 0.526653
836 0.554374 0.474206
837 0.488178 0.479992
838 0.506456 0.510145
839 0.485849 0.525367
840 0.460514 0.468077
841 0.550552 0.555036
842 0.471123 0.475539
843 0.504936 0.531636
844 0.502296 0.480673
845 0.465521 0.474309
846 0.39616 0.597577
847 0.504359 0.515734
848 0.47353 0.490186
849 0.509374 0.502563
850 0.46515 0.473902
851 0.407049 0.634301
852 0.507881 0.515413
853 0.505428 0.520928
854 0.490265 0.510472
855 0.507442 0.514722
856 0.475226 0.526404
857 0.474324 0.506789
858 0.465512 0.530448
859 0.502654 0.45013
860 0.454849 0.517504
861 0.549524 0.421945
862 0.543908 0.473793
863 0.450898 0.51948
864 0.556941 0.555535
865 0.521629 0.503843
866 0.51638 0.475178
867 0.501998 0.517357
868 0.477599 0.542874
869 0.509383 0.510881
870 0.602202 0.567084
871 0.608897 0.393533
872 0.506041 0.560362
873 0.504894 0.528363
874 0.549196 0.572163
875 0.494439 0.550544
876 0.549048 0.486234
877 0.538563 0.534718
878 0.507482 0.487586
879 0.498883 0.519504
880 0.467404 0.473137
881 0.553108 0.518197
882 0.451712 0.490567
883 0.545973 0.474473
884 0.394027 0.478186
885 0.495042 0.609439
886 0.508548 0.535709
887 0.463968 0.471832
888 0.506574 0.513152
889 0.503341 0.512181
890 0.428205 0.477369
891 0.471532 0.517565
892 0.460026 0.464664
893 0.547639 0.555372
894 0.524191 0.470259
895 0.500247 0.563953
896 0.496366 0.526333
897 0.385256 0.407868
898 0.528413 0.477051
899 0.462306 0.527526
900 0.542373 0.483379
901 0.489335 0.536543
902 0.506631 0.482891
903 0.461791 0.53654
904 0.481377 0.550708
905 0.565836 0.580304
906 0.554843 0.483644
907 0.446446 0.554412
908 0.442514 0.576349
909 0.506547 0.517976
910 0.517349 0.533715
911 0.536877 0.49406
912 0.494467 0.494477
913 0.477702 0.585721
914 0.490766 0.495251
915 0.508548 0.535709
916 0.512967 0.49691
917 0.510612 0.516374
918 0.458265 0.486528
919 0.370485 0.443003
920 0.535188 0.483187
921 0.464535 0.473965
922 0.612058 0.595466
923 0.498362 0.473087
924 0.430792 0.45325
925 0.453773 0.576088
926 0.489804 0.51832
927 0.443918 0.44926
928 0.511136 0.518233
929 0.53203 0.577647
930 0.53375 0.493939
931 0.415062 0.570082
932 0.551419 0.474288
933 0.545963 0.479353
934 0.561682 0.588152
935 0.461306 0.474958
936 0.519008 0.529193
937 0.55179 0.479098
938 0.505996 0.590347
939 0.515922 0.516911
940 0.461411 0.522332
941 0.463565 0.485235
942 0.562383 0.453419
943 0.461911 0.470787
944 0.586273 0.489543
945 0.537227 0.520052
946 0.511693 0.547776
947 0.552107 0.468864
948 0.437526 0.591571
949 0.554102 0.507545
950 0.571203 0.469222
951 0.503545 0.529384
952 0.536024 0.479722
953 0.46441 0.473981
954 0.370464 0.433636
955 0.50282 0.514
956 0.356998 0.602236
957 0.451025 0.480094
958 0.462696 0.473139
959 0.520032 0.516935
960 0.427314 0.526976
961 0.448318 0.508121
962 0.428369 0.56465
963 0.467108 0.538102
964 0.498122 0.508098
965 0.537543 0.453172
966 0.463495 0.522791
967 0.513584 0.522303
968 0.525927 0.471538
969 0.371928 0.521906
970 0.452687 0.553309
971 0.451867 0.48399
972 0.545873 0.555352
973 0.450914 0.667066
974 0.516943 0.515572
975 0.393069 0.443173
976 0.489988 0.598426
977 0.548183 0.603852
978 0.465633 0.554517
979 0.46277 0.515808
980 0.583314 0.468609
981 0.493702 0.510476
982 0.440936 0.515064
983 0.540732 0.543768
984 0.513718 0.490367
985 0.510989 0.499693
986 0.537996 0.534498
987 0.514025 0.551773
988 0.509225 0.523012
989 0.469738 0.485111
990 0.45965 0.550009
991 0.495678 0.51465
992 0.463828 0.553334
993 0.554121 0.545229
994 0.552048 0.476188
995 0.543342 0.476373
996 0.534172 0.503733
997 0.495798 0.514875
998 0.504505 0.533919
999 0.445257 0.479245
1000 0.466428 0.478535
1001 0.565539 0.470929
1002 0.586505 0.606714
1003 0.431996 0.479656
1004 0.521912 0.510519
1005 0.540194 0.555453
1006 0.528113 0.521711
1007 0.609282 0.531168
1008 0.463319 0.475769
1009 0.548312 0.475633
1010 0.410931 0.560406
1011 0.612593 0.580619
1012 0.50994 0.516481
1013 0.500162 0.516514
1014 0.530363 0.471233
1015 0.546113 0.554748
1016 0.45304 0.592945
1017 0.508523 0.502635
1018 0.478809 0.547579
1019 0.514718 0.524486
1020 0.620988 0.401329
1021 0.540918 0.47374
1022 0.546959 0.472319
1023 0.493541 0.539777
1024 0.561368 0.468153
1025 0.466837 0.464166
1026 0.492205 0.45052
1027 0.518181 0.502109
1028 0.453747 0.418711
1029 0.48241 0.554277
1030 0.49217 0.497902
1031 0.448244 0.466732
1032 0.467558 0.554807
1033 0.449258 0.536293
1034 0.462712 0.517476
1035 0.511585 0.513718
1036 0.453909 0.477255
1037 0.506605 0.517292
1038 0.459609 0.54612
1039 0.492132 0.475026
1040 0.462841 0.559078
1041 0.48771 0.471252
1042 0.507193 0.516613
1043 0.500488 0.512178
1044 0.533266 0.489546
1045 0.55552 0.55897
1046 0.548775 0.47301
1047 0.483753 0.462684
1048 0.506155 0.502188
1049 0.517715 0.526738
1050 0.502829 0.560325
1051 0.572623 0.438329
1052 0.528934 0.514649
1053 0.428621 0.561869
1054 0.463912 0.480935
1055 0.471722 0.471633
1056 0.44261 0.578246
1057 0.521095 0.542736
1058 0.535955 0.474312
1059 0.546641 0.554915
1060 0.510917 0.495156
1061 0.500497 0.503479
1062 0.501078 0.434467
1063 0.462625 0.471126
1064 0.494828 0.431126
1065 0.520049 0.537239
1066 0.529747 0.47376
1067 0.545538 0.47427
1068 0.59028 0.505537
1069 0.483339 0.491345
1070 0.497343 0.537926
1071 0.435526 0.529067
1072 0.496338 0.521685
1073 0.489974 0.488405
1074 0.515818 0.499632
1075 0.551249 0.551843
1076 0.544088 0.554463
1077 0.46589 0.551785
1078 0.544787 0.551118
1079 0.424202 0.438581
1080 0.539019 0.523079
1081 0.50062 0.527995
1082 0.497495 0.510188
1083 0.463926 0.553966
1084 0.460904 0.558965
1085 0.47058 0.56829
1086 0.504372 0.512361
1087 0.503626 0.520458
1088 0.461297 0.464097
1089 0.549008 0.472318
1090 0.480119 0.470826
1091 0.570698 0.5525
1092 0.543982 0.540524
1093 0.500697 0.519033
1094 0.500587 0.528442
1095 0.352559 0.463605
1096 0.524059 0.554655
1097 0.47808 0.500525
1098 0.463229 0.474046
1099 0.548032 0.526775
1100 0.485167 0.523984
1101 0.525321 0.482639
1102 0.482799 0.487278
1103 0.431028 0.466179
1104 0.505208 0.508337
1105 0.388156 0.52234
1106 0.50387 0.510118
1107 0.51796 0.509557
1108 0.500652 0.506009
1109 0.547852 0.41421
1110 0.501053 0.516622
1111 0.528583 0.523344
1112 0.442183 0.532491
1113 0.467103 0.545111
1114 0.426531 0.431413
1115 0.489431 0.522753
1116 0.555799 0.540949
1117 0.41847 0.417175
1118 0.489902 0.466549
1119 0.497205 0.507158
1120 0.506797 0.551043
1121 0.522894 0.509253
1122 0.420981 0.529181
1123 0.469521 0.494085
1124 0.547249 0.557421
1125 0.503918 0.505463
1126 0.409485 0.579291
1127 0.529667 0.506343
1128 0.4575 0.445176
1129 0.477427 0.440047
1130 0.531927 0.519287
1131 0.464438 0.471123
1132 0.50531 0.514629
1133 0.506977 0.502933
1134 0.601447 0.543921
1135 0.461233 0.467694
1136 0.520299 0.52071
1137 0.462288 0.557285
1138 0.558187 0.570277
1139 0.511338 0.512383
1140 0.547819 0.473508
1141 0.489668 0.514711
1142 0.397649 0.428718
1143 0.48495 0.522378
1144 0.437208 0.562807
1145 0.518548 0.433988
1146 0.569352 0.469535
1147 0.467896 0.505697
1148 0.539133 0.472963
1149 0.508629 0.524952
1150 0.525657 0.508276
1151 0.512536 0.525205
1152 0.50531 0.514629
1153 0.479373 0.522119
1154 0.544231 0.477977
1155 0.469379 0.472932
1156 0.509576 0.5007
1157 0.484296 0.531254
1158 0.537233 0.512851
1159 0.468796 0.47389
1160 0.464794 0.473772
1161 0.490224 0.595399
1162 0.46589 0.554556
1163 0.558769 0.543263
1164 0.451627 0.570569
1165 0.422333 0.508047
1166 0.546634 0.555534
1167 0.499574 0.521844
1168 0.508266 0.499026
1169 0.563307 0.461528
1170 0.572584 0.531017
1171 0.498253 0.518925
1172 0.551363 0.522954
1173 0.492766 0.514299
1174 0.473132 0.55139
1175 0.527471 0.527927
1176 0.506 0.478548
1177 0.48545 0.512841
1178 0.507211 0.517315
1179 0.456246 0.51563
1180 0.494974 0.438514
1181 0.476402 0.514141
1182 0.520687 0.552862
1183 0.573344 0.612752
1184 0.533023 0.558074
1185 0.510206 0.516083
1186 0.516479 0.487676
1187 0.506985 0.500195
1188 0.520429 0.52879
1189 0.590616 0.524108
1190 0.475932 0.513533
1191 0.509641 0.514511
1192 0.506539 0.515114
1193 0.467949 0.472483
1194 0.477803 0.475373
1195 0.537542 0.590212
1196 0.506738 0.498485
1197 0.498147 0.52144
1198 0.49504 0.491063
1199 0.575359 0.491148
1200 0.550629 0.540662
1201 0.478722 0.509583
1202 0.644845 0.618587
1203 0.535558 0.504838
1204 0.504043 0.528173
1205 0.451835 0.563623
1206 0.508081 0.526771
1207 0.493052 0.522005
1208 0.501477 0.502477
1209 0.541827 0.536421
1210 0.529061 0.46088
1211 0.514779 0.57537
1212 0.502612 0.499846
1213 0.528566 0.516647
1214 0.544914 0.555896
1215 0.558962 0.535928
1216 0.534976 0.471142
1217 0.510319 0.506476
1218 0.48697 0.44395
1219 0.51064 0.503978
1220 0.454881 0.521645
1221 0.545105 0.555196
1222 0.37353 0.520327
1223 0.522314 0.522802
1224 0.549745 0.555696
1225 0.54534 0.472712
1226 0.462541 0.539874
1227 0.463752 0.442707
1228 0.51081 0.485691
1229 0.486151 0.533392
1230 0.547191 0.475878
1231 0.535522 0.514319
1232 0.498211 0.559916
1233 0.50086 0.511504
1234 0.507615 0.494776
1235 0.475784 0.47215
1236 0.506147 0.523022
1237 0.466838 0.558209
1238 0.546223 0.469799
1239 0.483048 0.47056
1240 0.554607 0.444369
1241 0.470842 0.580656
1242 0.508272 0.526049
1243 0.521923 0.534579
1244 0.487993 0.485148
1245 0.485403 0.489719
1246 0.49149 0.525889
1247 0.565309 0.458964
1248 0.575846 0.488637
1249 0.519727 0.562225
1250 0.558024 0.575836
1251 0.467069 0.579636
1252 0.48912 0.565518
1253 0.459723 0.474438
1254 0.512888 0.5109
1255 0.470636 0.528851
1256 0.553261 0.530251
1257 0.515908 0.610408
1258 0.537041 0.523254
1259 0.479983 0.477346
1260 0.495676 0.507102
1261 0.46701 0.473511
1262 0.492388 0.517292
1263 0.4623 0.559628
1264 0.570914 0.503262
1265 0.503683 0.512107
1266 0.50077 0.583445
1267 0.505788 0.512122
1268 0.471527 0.509877
1269 0.478118 0.465003
1270 0.468217 0.555524
1271 0.480806 0.531046
1272 0.429093 0.491719
1273 0.49225 0.518907
1274 0.465107 0.558548
1275 0.49971 0.486725
1276 0.454321 0.54146
1277 0.517444 0.52125
1278 0.476511 0.467286
1279 0.506233 0.475372
1280 0.510276 0.387675
1281 0.462793 0.498256
1282 0.465525 0.531546
1283 0.511898 0.521729
1284 0.491218 0.533967
1285 0.483255 0.49022
1286 0.494276 0.523674
1287 0.455995 0.517465
1288 0.510403 0.535168
1289 0.573811 0.556765
1290 0.545065 0.468371
1291 0.519732 0.523785
1292 0.485041 0.483168
1293 0.508438 0.498667
1294 0.500706 0.51719
1295 0.500706 0.51719
1296 0.428081 0.432562
1297 0.39179 0.467545
1298 0.511811 0.493666
1299 0.502637 0.514095
1300 0.538873 0.550464
1301 0.540001 0.539422
1302 0.546499 0.554882
1303 0.483998 0.508559
1304 0.501932 0.562131
1305 0.459286 0.487573
1306 0.52454 0.524137
1307 0.46171 0.456628
1308 0.592373 0.516166
1309 0.529396 0.494661
1310 0.463046 0.55596
1311 0.498981 0.509391
1312 0.519214 0.5567
1313 0.536507 0.555169
1314 0.464859 0.474943
1315 0.500823 0.573478
1316 0.528857 0.597514
1317 0.541139 0.475795
1318 0.4634 0.572762
1319 0.501527 0.489003
1320 0.429591 0.58715
1321 0.505605 0.444395
1322 0.549107 0.564632
1323 0.52783 0.486756
1324 0.479347 0.487964
1325 0.505277 0.511924
1326 0.539484 0.547331
1327 0.435385 0.511615
1328 0.501931 0.477581
1329 0.554468 0.515959
1330 0.509882 0.462395
1331 0.400452 0.543723
1332 0.400452 0.543723
1333 0.485749 0.532508
1334 0.519069 0.51084
1335 0.53159 0.560646
1336 0.518181 0.502109
1337 0.560529 0.46697
1338 0.577986 0.583449
1339 0.528239 0.509958
1340 0.515921 0.560705
1341 0.488896 0.534018
1342 0.480671 0.520122
1343 0.478505 0.534168
1344 0.495703 0.493828
1345 0.543591 0.538376
1346 0.438333 0.543419
1347 0.540625 0.444432
1348 0.531437 0.459256
1349 0.500338 0.515243
1350 0.50447 0.515301
1351 0.459806 0.469943
1352 0.510014 0.517608
1353 0.546279 0.599443
1354 0.549084 0.49363
1355 0.510144 0.514718
1356 0.460054 0.489584
1357 0.552262 0.545894
1358 0.512802 0.578774
1359 0.472864 0.634514
1360 0.424046 0.525441
1361 0.480821 0.48061
1362 0.483133 0.628334
1363 0.501782 0.500358
1364 0.39939 0.58602
1365 0.485696 0.535183
1366 0.482805 0.46869
1367 0.532445 0.485106
1368 0.476685 0.513309
1369 0.465181 0.559048
1370 0.465473 0.543951
1371 0.526623 0.472417
1372 0.448664 0.410163
1373 0.52818 0.535328
1374 0.499949 0.522668
1375 0.587854 0.474181
1376 0.51762 0.525816
1377 0.505415 0.515256
1378 0.537312 0.501998
1379 0.471563 0.473121
1380 0.485369 0.525218
1381 0.488374 0.512364
1382 0.480991 0.525051
1383 0.529915 0.50133
1384 0.513661 0.487961
1385 0.565762 0.564268
1386 0.426817 0.59049
1387 0.503684 0.501929
1388 0.507665 0.514664
1389 0.478815 0.571757
1390 0.389064 0.650127
1391 0.48948 0.497443
1392 0.467379 0.552587
1393 0.594426 0.582348
1394 0.553041 0.565259
1395 0.507107 0.513521
1396 0.551785 0.475222
1397 0.571602 0.452985
1398 0.474947 0.488753
1399 0.507834 0.51981
1400 0.553041 0.565259
1401 0.474132 0.489694
1402 0.537975 0.613727
1403 0.495328 0.506227
1404 0.407025 0.566396
1405 0.449809 0.522007
1406 0.480821 0.48061
1407 0.480535 0.428172
1408 0.49371 0.495976
1409 0.443265 0.586628
1410 0.463384 0.472751
1411 0.534971 0.493898
1412 0.431793 0.527885
1413 0.505902 0.518239
1414 0.477013 0.494463
1415 0.502131 0.501911
1416 0.496191 0.479263
1417 0.546306 0.555817
1418 0.506657 0.524918
1419 0.47396 0.46696
1420 0.503693 0.513193
1421 0.46381 0.473566
1422 0.508405 0.449944
1423 0.6022 0.405169
1424 0.46635 0.516693
1425 0.54499 0.512638
1426 0.520796 0.530178
1427 0.532815 0.509961
1428 0.533755 0.561517
1429 0.550227 0.558749
1430 0.541874 0.474691
1431 0.466616 0.561887
1432 0.508515 0.516933
1433 0.301645 0.462829
1434 0.509744 0.516348
1435 0.454748 0.563041
1436 0.509504 0.540496
1437 0.506512 0.539256
1438 0.517941 0.500766
1439 0.507531 0.583169
1440 0.562465 0.567148
1441 0.50597 0.570165
1442 0.504 0.514246
1443 0.508239 0.515609
1444 0.50613 0.513051
1445 0.459318 0.584265
1446 0.421945 0.60976
1447 0.58344 0.518141
1448 0.432659 0.447127
1449 0.567503 0.482934
1450 0.507064 0.443128
1451 0.479392 0.52885
1452 0.583424 0.450588
1453 0.4601 0.557226
1454 0.554839 0.463367
1455 0.461763 0.491512
1456 0.460062 0.474373
1457 0.454773 0.481639
1458 0.511153 0.515347
1459 0.503451 0.526125
1460 0.465271 0.474057
1461 0.496801 0.603402
1462 0.449548 0.440063
1463 0.488124 0.508685
1464 0.520181 0.461873
1465 0.442714 0.574245
1466 0.529608 0.543917
1467 0.513168 0.555014
1468 0.504771 0.515335
1469 0.453278 0.419696
1470 0.531076 0.564129
1471 0.517052 0.516309
1472 0.579086 0.391968
1473 0.517772 0.505168
1474 0.506791 0.483048
1475 0.426476 0.593827
1476 0.546707 0.473488
1477 0.552016 0.47645
1478 0.504865 0.514675
1479 0.494685 0.545446
1480 0.512212 0.529972
1481 0.467521 0.505147
1482 0.484704 0.520566
1483 0.493305 0.461772
1484 0.529626 0.526031
1485 0.54019 0.485681
1486 0.603158 0.524378
1487 0.429947 0.497681
1488 0.586141 0.420099
1489 0.460318 0.557579
1490 0.511035 0.522728
1491 0.345436 0.684387
1492 0.509091 0.520456
1493 0.566732 0.464102
1494 0.52102 0.578917
1495 0.467411 0.470965
1496 0.447262 0.562353
1497 0.488011 0.547371
1498 0.526867 0.47134
1499 0.504236 0.514153
1500 0.517249 0.508989
1501 0.405957 0.482978
1502 0.461975 0.536865
1503 0.566392 0.597914
1504 0.5101 0.484537
1505 0.521341 0.496265
1506 0.467043 0.485503
1507 0.436908 0.477495
1508 0.512312 0.524946
1509 0.493544 0.534157
1510 0.53729 0.470926
1511 0.40919 0.531266
1512 0.550176 0.558647
1513 0.575424 0.585516
1514 0.488219 0.490126
1515 0.559612 0.567927
1516 0.488761 0.541221
1517 0.496532 0.507526
1518 0.508318 0.565147
1519 0.529414 0.463519
1520 0.512818 0.516131
1521 0.434072 0.583645
1522 0.458981 0.476875
1523 0.491019 0.568234
1524 0.492807 0.506393
1525 0.521972 0.538517
1526 0.481814 0.504853
1527 0.500233 0.552185
1528 0.426364 0.50278
1529 0.510073 0.520305
1530 0.542421 0.555826
1531 0.5761 0.583222
1532 0.539907 0.472381
1533 0.496518 0.451819
1534 0.491754 0.524749
1535 0.471441 0.50471
1536 0.53498 0.524964
1537 0.436993 0.54882
1538 0.548029 0.561638
1539 0.542717 0.483166
1540 0.50045 0.55505
1541 0.515967 0.505168
1542 0.546271 0.474079
1543 0.545763 0.556204
1544 0.548621 0.469444
1545 0.501397 0.51453
1546 0.507168 0.526142
1547 0.503479 0.488199
1548 0.509467 0.532379
1549 0.521716 0.622034
1550 0.522668 0.586019
1551 0.490766 0.495252
1552 0.468682 0.542088
1553 0.5014 0.519697
1554 0.524688 0.482078
1555 0.574401 0.568366
1556 0.505772 0.508916
1557 0.507234 0.520442
1558 0.505669 0.510434
1559 0.497543 0.507396
1560 0.39151 0.574794
1561 0.512865 0.525486
1562 0.483945 0.535529
1563 0.480432 0.481113
1564 0.440719 0.446261
1565 0.506461 0.503818
1566 0.544591 0.568713
1567 0.510048 0.43859
1568 0.550923 0.469755
1569 0.523486 0.513059
1570 0.502487 0.517502
1571 0.503597 0.503805
1572 0.505151 0.515011
1573 0.441681 0.496286
1574 0.549029 0.556992
1575 0.546837 0.558297
1576 0.489324 0.596667
1577 0.502634 0.51735
1578 0.507499 0.520799
1579 0.396249 0.554543
1580 0.463201 0.459025
1581 0.49381 0.567564
1582 0.494377 0.520202
1583 0.403738 0.483849
1584 0.421082 0.441398
1585 0.441252 0.536693
1586 0.55217 0.560307
1587 0.615218 0.557603
1588 0.532303 0.507165
1589 0.448202 0.564388
1590 0.483223 0.518932
1591 0.548632 0.524112
1592 0.564705 0.536607
1593 0.482257 0.581199
1594 0.507388 0.519433
1595 0.492364 0.590529
1596 0.547271 0.478672
1597 0.528169 0.45858
1598 0.529207 0.492984
1599 0.609373 0.438029
1600 0.537499 0.452844
1601 0.54078 0.52187
1602 0.575711 0.531048
1603 0.483876 0.493407
1604 0.449918 0.509175
1605 0.353455 0.671975
1606 0.520556 0.495807
1607 0.521654 0.507306
1608 0.515505 0.558657
1609 0.550024 0.55726
1610 0.470883 0.54879
1611 0.515146 0.512469
1612 0.510513 0.52251
1613 0.507286 0.513888
1614 0.546702 0.473165
1615 0.498729 0.517649
1616 0.455962 0.524797
1617 0.515941 0.534235
1618 0.467643 0.524173
1619 0.509849 0.500648
1620 0.571199 0.38387
1621 0.425855 0.463485
1622 0.513629 0.520298
1623 0.51784 0.520358
1624 0.496178 0.502549
1625 0.548254 0.562213
1626 0.513056 0.576477
1627 0.577453 0.531033
1628 0.556377 0.564154
1629 0.502003 0.514254
1630 0.586443 0.596197
1631 0.47868 0.521409
1632 0.500262 0.470771
1633 0.500426 0.535035
1634 0.433686 0.460645
1635 0.440939 0.44747
1636 0.51385 0.668665
1637 0.439267 0.571312
1638 0.401337 0.52178
1639 0.468174 0.560575
1640 0.433025 0.444067
1641 0.464568 0.547425
1642 0.427485 0.592722
1643 0.469752 0.526391
1644 0.48113 0.492849
1645 0.494622 0.514849
1646 0.507091 0.513258
1647 0.480041 0.494437
1648 0.460104 0.478538
1649 0.489479 0.569094
1650 0.520832 0.468902
1651 0.455996 0.473698
1652 0.519432 0.552023
1653 0.468813 0.458414
1654 0.463139 0.469726
1655 0.541685 0.54172
1656 0.54427 0.388939
1657 0.446089 0.555038
1658 0.356745 0.479276
1659 0.478801 0.515237
1660 0.474142 0.543353
1661 0.516508 0.587075
1662 0.538301 0.557999
1663 0.505835 0.597675
1664 0.526962 0.502607
1665 0.463576 0.512122
1666 0.487373 0.47022
1667 0.51916 0.504723
1668 0.555988 0.478465
1669 0.431733 0.577591
1670 0.571301 0.470012
1671 0.53176 0.506342
1672 0.485425 0.507549
1673 0.499969 0.515622
1674 0.466266 0.557827
1675 0.545526 0.557474
1676 0.505165 0.503703
1677 0.514678 0.583621
1678 0.507538 0.508539
1679 0.513896 0.559568
1680 0.510865 0.524281
1681 0.467907 0.477091
1682 0.542241 0.551347
1683 0.455985 0.449986
1684 0.585911 0.507638
1685 0.500358 0.515217
1686 0.538321 0.545762
1687 0.46591 0.543059
1688 0.548833 0.556808
1689 0.541909 0.480411
1690 0.513111 0.525586
1691 0.620915 0.504202
1692 0.507947 0.513732
1693 0.509058 0.475756
1694 0.54617 0.487023
1695 0.507975 0.51731
1696 0.457284 0.499108
1697 0.522978 0.502009
1698 0.480073 0.471909
1699 0.507703 0.514389
1700 0.511283 0.526233
1701 0.511136 0.457676
1702 0.461179 0.594526
1703 0.527666 0.496317
1704 0.474397 0.529755
1705 0.380093 0.53381
1706 0.579518 0.580121
1707 0.481575 0.559427
1708 0.564457 0.481337
1709 0.469559 0.584602
1710 0.509793 0.555868
1711 0.499412 0.506399
1712 0.541048 0.454506
1713 0.53113 0.511297
1714 0.502059 0.510795
1715 0.548401 0.527994
1716 0.501924 0.50164
1717 0.567338 0.487069
1718 0.437074 0.506938
1719 0.572982 0.515329
1720 0.500325 0.512552
1721 0.594156 0.471666
1722 0.505221 0.5147
1723 0.463972 0.473247
1724 0.540948 0.553681
1725 0.565915 0.576725
1726 0.588041 0.557922
1727 0.532845 0.539463
1728 0.471441 0.460123
1729 0.501053 0.516622
1730 0.474894 0.556405
1731 0.539953 0.477928
1732 0.512152 0.477325
1733 0.466956 0.552609
1734 0.5061 0.552855
1735 0.498967 0.490555
1736 0.574596 0.42915
1737 0.507506 0.51543
1738 0.495625 0.517601
1739 0.547103 0.529211
1740 0.482716 0.525669
1741 0.495446 0.519562
1742 0.540487 0.550308
1743 0.50531 0.514629
1744 0.511288 0.474749
1745 0.515401 0.516409
1746 0.502921 0.521389
1747 0.426014 0.597259
1748 0.47444 0.506787
1749 0.513232 0.55706
1750 0.508246 0.540107
1751 0.496624 0.535558
1752 0.462347 0.557926
1753 0.547646 0.475045
1754 0.449485 0.547354
1755 0.559719 0.513379
1756 0.476873 0.521396
1757 0.494854 0.485424
1758 0.505853 0.514404
1759 0.542933 0.552205
1760 0.493342 0.52236
1761 0.511615 0.517136
1762 0.553109 0.486266
1763 0.584566 0.584557
1764 0.532907 0.501275
1765 0.457177 0.556428
1766 0.467782 0.523923
1767 0.59894 0.414527
1768 0.479236 0.542521
1769 0.488963 0.535408
1770 0.571003 0.506795
1771 0.584961 0.579203
1772 0.45668 0.470574
1773 0.537553 0.533946
1774 0.529147 0.505568
1775 0.500017 0.561471
1776 0.549676 0.470605
1777 0.453793 0.477758
1778 0.502636 0.570922
1779 0.449881 0.513409
1780 0.426981 0.47157
1781 0.530817 0.542374
1782 0.444319 0.5119
1783 0.500977 0.508034
1784 0.499112 0.507255
1785 0.465377 0.555728
1786 0.523775 0.456006
1787 0.493065 0.514481
1788 0.399137 0.546407
1789 0.512709 0.521595
1790 0.574301 0.540945
1791 0.505173 0.466073
1792 0.422152 0.537012
1793 0.504187 0.513301
1794 0.489286 0.571107
1795 0.506014 0.516198
1796 0.544753 0.456052
1797 0.498923 0.467859
1798 0.50875 0.524232
1799 0.539904 0.558164
1800 0.423723 0.558056
1801 0.462956 0.554638
1802 0.49241 0.518513
1803 0.461494 0.539479
1804 0.547678 0.556982
1805 0.513621 0.522572
1806 0.558897 0.471236
1807 0.504418 0.514897
1808 0.460458 0.529095
1809 0.53175 0.54529
1810 0.400367 0.529294
1811 0.464138 0.529934
1812 0.518025 0.481237
1813 0.430529 0.574032
1814 0.50561 0.513983
1815 0.468925 0.546356
1816 0.516595 0.505826
1817 0.507371 0.520055
1818 0.549036 0.503898
1819 0.452589 0.569142
1820 0.512628 0.521366
1821 0.463207 0.554968
1822 0.509795 0.517613
1823 0.51562 0.504122
1824 0.500929 0.509012
1825 0.442337 0.567965
1826 0.438118 0.496844
1827 0.510292 0.490332
1828 0.523057 0.531368
1829 0.547138 0.594071
1830 0.57427 0.578492
1831 0.542052 0.523128
1832 0.484119 0.498486
1833 0.507286 0.516035
1834 0.468505 0.579328
1835 0.546173 0.517902
1836 0.506321 0.510399
1837 0.491384 0.506678
1838 0.427487 0.441474
1839 0.507354 0.510069
1840 0.4739 0.507007
1841 0.437251 0.45921
1842 0.469345 0.552785
1843 0.510213 0.514171
1844 0.492431 0.511396
1845 0.516126 0.474313
1846 0.514109 0.505476
1847 0.498134 0.511506
1848 0.413798 0.607404
1849 0.49813 0.507042
1850 0.495759 0.507372
1851 0.443697 0.43528
1852 0.547064 0.47279
1853 0.63284 0.558499
1854 0.559398 0.564081
1855 0.564677 0.510327
1856 0.49879 0.516474
1857 0.531993 0.45775
1858 0.545386 0.47855
1859 0.532088 0.553895
1860 0.516231 0.565334
1861 0.604786 0.558436
1862 0.510828 0.518209
1863 0.41136 0.572583
1864 0.478555 0.467484
1865 0.542147 0.5598
1866 0.51356 0.511778
1867 0.46675 0.570848
1868 0.445418 0.568018
1869 0.505647 0.465095
1870 0.468627 0.47791
1871 0.450649 0.546657
1872 0.474241 0.513223
1873 0.515942 0.524048
1874 0.492847 0.516386
1875 0.474381 0.556787
1876 0.514879 0.49065
1877 0.51084 0.509747
1878 0.500578 0.445528
1879 0.459429 0.519122
1880 0.564199 0.530837
1881 0.567167 0.52176
1882 0.623994 0.511411
1883 0.462269 0.436037
1884 0.508458 0.49674
1885 0.542638 0.553282
1886 0.398671 0.611731
1887 0.543281 0.552111
1888 0.531887 0.519895
1889 0.477934 0.56653
1890 0.550239 0.536289
1891 0.491937 0.561665
1892 0.474779 0.510579
1893 0.450823 0.509488
1894 0.503442 0.542342
1895 0.511317 0.473809
1896 0.515049 0.51608
1897 0.501452 0.515136
1898 0.50208 0.504613
1899 0.448594 0.529309
1900 0.548105 0.557422
1901 0.548095 0.467603
1902 0.467401 0.47671
1903 0.513685 0.494435
1904 0.533279 0.487436
1905 0.374971 0.532499
1906 0.536495 0.468694
1907 0.554458 0.584915
1908 0.526058 0.557704
1909 0.49787 0.519846
1910 0.571882 0.478796
1911 0.541258 0.472421
1912 0.518052 0.531193
1913 0.514198 0.547745
1914 0.443641 0.462635
1915 0.412359 0.61039
1916 0.573159 0.552179
1917 0.522114 0.475614
1918 0.506514 0.505019
1919 0.505682 0.509576
1920 0.504101 0.524811
1921 0.51376 0.523921
1922 0.434879 0.558743
1923 0.524849 0.532405
1924 0.398253 0.434259
1925 0.506163 0.490797
1926 0.504119 0.558471
1927 0.514109 0.505476
1928 0.47122 0.475038
1929 0.49949 0.511666
1930 0.511293 0.507112
1931 0.537266 0.46889
1932 0.518052 0.531193
1933 0.541995 0.516212
1934 0.510026 0.50513
1935 0.442298 0.490425
1936 0.546757 0.473476
1937 0.503654 0.462822
1938 0.613952 0.517862
1939 0.475956 0.492914
1940 0.551219 0.488777
1941 0.549444 0.559342
1942 0.508501 0.516413
1943 0.463777 0.557518
1944 0.533437 0.446039
1945 0.498721 0.512287
1946 0.474615 0.530154
1947 0.476522 0.47497
1948 0.512217 0.511926
1949 0.623994 0.511411
1950 0.504038 0.506672
1951 0.585801 0.437467
1952 0.502625 0.517771
1953 0.494144 0.521712
1954 0.476002 0.47576
1955 0.514027 0.475443
1956 0.494307 0.516119
1957 0.50253 0.505452
1958 0.4968 0.581751
1959 0.502091 0.507052
1960 0.5094 0.519576
1961 0.550757 0.444481
1962 0.471568 0.469842
1963 0.407913 0.480247
1964 0.509122 0.51491
1965 0.494813 0.50095
1966 0.396557 0.583481
1967 0.543926 0.568887
1968 0.484606 0.59181
1969 0.538908 0.504008
1970 0.396237 0.439926
1971 0.570373 0.564283
1972 0.512963 0.521219
1973 0.570809 0.505075
1974 0.464787 0.516989
1975 0.483839 0.562389
1976 0.424698 0.570624
1977 0.466995 0.478558
1978 0.466294 0.475858
1979 0.506362 0.468368
1980 0.485428 0.550481
1981 0.514327 0.502743
1982 0.498433 0.507379
1983 0.494628 0.518723
1984 0.470135 0.51881
1985 0.502006 0.512747
1986 0.530672 0.447062
1987 0.577519 0.530678
1988 0.510903 0.490722
1989 0.5094 0.519576
1990 0.41865 0.387956
1991 0.466389 0.551951
1992 0.510624 0.551607
1993 0.488056 0.517223
1994 0.477091 0.519806
1995 0.498591 0.562518
1996 0.463288 0.472994
1997 0.546299 0.555984
1998 0.507343 0.516568
1999 0.466804 0.55299
2000 0.516842 0.51207
2001 0.543789 0.466649
2002 0.476068 0.433055
2003 0.543183 0.477244
2004 0.502583 0.510292
2005 0.553886 0.562871
2006 0.592147 0.431061
2007 0.459431 0.553358
2008 0.543989 0.552688
2009 0.554291 0.497166
2010 0.557236 0.455317
2011 0.591589 0.499793
2012 0.456879 0.50497
2013 0.465494 0.553807
2014 0.504702 0.513655
2015 0.502654 0.51723
2016 0.488127 0.506434
2017 0.476326 0.597429
2018 0.509516 0.518259
2019 0.483664 0.470636
2020 0.512684 0.503235
2021 0.497963 0.557762
2022 0.467787 0.477109
2023 0.455926 0.399985
2024 0.528583 0.558708
2025 0.493695 0.476249
2026 0.501108 0.501164
2027 0.509592 0.495078
2028 0.461125 0.509451
2029 0.477583 0.541709
2030 0.49189 0.580297
2031 0.532695 0.51114
2032 0.475254 0.475682
2033 0.549646 0.529765
2034 0.469422 0.478164
2035 0.583622 0.436784
2036 0.465172 0.45999
2037 0.522893 0.515238
2038 0.507839 0.539366
2039 0.506692 0.512136
2040 0.462048 0.554048
2041 0.502026 0.487123
2042 0.504084 0.482453
2043 0.487197 0.610888
2044 0.392046 0.503876
2045 0.503556 0.500237
2046 0.53683 0.482105
2047 0.510023 0.521252
2048 0.536551 0.548002
2049 0.515029 0.595369
2050 0.386704 0.472584
2051 0.514118 0.598931
2052 0.464959 0.581128
2053 0.501464 0.520947
2054 0.515007 0.53787
2055 0.464305 0.555921
2056 0.530693 0.492544
2057 0.473065 0.483944
2058 0.476551 0.534607
2059 0.497645 0.562465
2060 0.551923 0.564048
2061 0.506588 0.501371
2062 0.549401 0.554423
2063 0.495942 0.463252
2064 0.473172 0.508092
2065 0.61947 0.536947
2066 0.423302 0.44669
2067 0.469609 0.486585
2068 0.492173 0.529689
2069 0.474665 0.484169
2070 0.527599 0.443887
2071 0.464841 0.474816
2072 0.559147 0.477877
2073 0.413657 0.476276
2074 0.549541 0.463406
2075 0.529579 0.561499
2076 0.470656 0.610892
2077 0.561091 0.479098
2078 0.515472 0.48938
2079 0.403799 0.529737
2080 0.457094 0.574054
2081 0.445628 0.571991
2082 0.437669 0.55398
2083 0.516825 0.508345
2084 0.549671 0.599829
2085 0.451693 0.484912
2086 0.521884 0.61309
2087 0.475202 0.523043
2088 0.49684 0.507582
2089 0.423439 0.432513
2090 0.493625 0.50735
2091 0.61311 0.556247
2092 0.479717 0.462208
2093 0.492023 0.503594
2094 0.508767 0.556173
2095 0.597969 0.429018
2096 0.500481 0.568176
2097 0.552105 0.499223
2098 0.495952 0.515865
2099 0.497082 0.525406
2100 0.510022 0.484358
2101 0.468254 0.551078
2102 0.535205 0.567881
2103 0.495515 0.516467
2104 0.536485 0.574902
2105 0.444763 0.476938
2106 0.501005 0.564173
2107 0.538454 0.54896
2108 0.549391 0.471979
2109 0.501098 0.557376
2110 0.516545 0.466826
2111 0.497892 0.509706
2112 0.471674 0.511865
2113 0.521533 0.474637
2114 0.489718 0.503643
2115 0.516842 0.51207
2116 0.498733 0.511344
2117 0.509437 0.520186
2118 0.505077 0.511547
2119 0.532186 0.633173
2120 0.501098 0.557376
2121 0.501051 0.568968
2122 0.44027 0.507342
2123 0.593718 0.493888
2124 0.47671 0.495537
2125 0.50544 0.512659
2126 0.465118 0.487056
2127 0.554468 0.515959
2128 0.417301 0.404795
2129 0.454564 0.610218
2130 0.420921 0.565623
2131 0.38743 0.625239
2132 0.522281 0.464794
2133 0.521962 0.556209
2134 0.431018 0.500329
2135 0.505104 0.484678
2136 0.462998 0.472952
2137 0.503878 0.525681
2138 0.581627 0.558432
2139 0.548592 0.546452
2140 0.484354 0.555157
2141 0.449275 0.581427
2142 0.507205 0.545053
2143 0.46265 0.480691
2144 0.484822 0.491624
2145 0.422253 0.435679
2146 0.455689 0.503041
2147 0.501457 0.518503
2148 0.547103 0.557047
2149 0.556272 0.519111
2150 0.513597 0.449913
2151 0.543453 0.467042
2152 0.466872 0.476887
2153 0.524043 0.520193
2154 0.521038 0.540364
2155 0.460846 0.557842
2156 0.550083 0.470942
2157 0.49285 0.532451
2158 0.546235 0.44286
2159 0.562654 0.454804
2160 0.46985 0.478983
2161 0.543009 0.552308
2162 0.521453 0.522384
2163 0.51564 0.524903
2164 0.427403 0.496451
2165 0.496995 0.523914
2166 0.49787 0.577259
2167 0.51851 0.485411
2168 0.457985 0.484754
2169 0.512192 0.508898
2170 0.46765 0.477565
2171 0.525237 0.480179
2172 0.553019 0.506573
2173 0.584093 0.591756
2174 0.544926 0.468895
2175 0.4289 0.528793
2176 0.514961 0.547863
2177 0.497896 0.522135
2178 0.437206 0.567978
2179 0.545873 0.479151
2180 0.450248 0.57776
2181 0.455182 0.386475
2182 0.43926 0.538477
2183 0.551145 0.533315
2184 0.496966 0.504273
2185 0.50875 0.524232
2186 0.522559 0.50093
2187 0.528073 0.5057
2188 0.544952 0.553571
2189 0.56641 0.516178
2190 0.508512 0.526923
2191 0.466875 0.477116
2192 0.511182 0.531822
2193 0.506321 0.515979
2194 0.467438 0.476221
2195 0.462768 0.529603
2196 0.580929 0.531947
2197 0.472988 0.480091
2198 0.552071 0.398251
2199 0.46681 0.481197
2200 0.51054 0.63813
2201 0.55834 0.524686
2202 0.508443 0.50168
2203 0.585726 0.460311
2204 0.469505 0.500225
2205 0.539334 0.603988
2206 0.406867 0.439589
2207 0.487405 0.513771
2208 0.50274 0.527706
2209 0.499323 0.514235
2210 0.479087 0.569614
2211 0.507567 0.523962
2212 0.508132 0.54528
2213 0.478932 0.46456
2214 0.453071 0.488507
2215 0.51084 0.509747
2216 0.457933 0.475418
2217 0.510691 0.506996
2218 0.490735 0.518961
2219 0.50572 0.514753
2220 0.497835 0.53988
2221 0.456836 0.530273
2222 0.545915 0.458561
2223 0.465966 0.520884
2224 0.532476 0.386313
2225 0.512952 0.479017
2226 0.528409 0.522403
2227 0.469558 0.594313
2228 0.456032 0.49831
2229 0.528447 0.463025
2230 0.524713 0.436803
2231 0.487943 0.492463
2232 0.512029 0.512634
2233 0.493414 0.51454
2234 0.489994 0.529602
2235 0.478573 0.498497
2236 0.477744 0.562942
2237 0.542293 0.551392
2238 0.506547 0.552935
2239 0.502961 0.528716
2240 0.442575 0.432025
2241 0.454663 0.465548
2242 0.468164 0.585942
2243 0.46548 0.553202
2244 0.548631 0.471137
2245 0.556372 0.513026
2246 0.510203 0.503861
2247 0.478234 0.574954
2248 0.468978 0.47734
2249 0.402831 0.56251
2250 0.473853 0.530414
2251 0.468978 0.47734
2252 0.498903 0.535788
2253 0.549512 0.545021
2254 0.468335 0.475632
2255 0.505479 0.514171
2256 0.520144 0.455103
2257 0.50971 0.495805
2258 0.570551 0.464484
2259 0.502426 0.509862
2260 0.498183 0.508777
2261 0.535889 0.542096
2262 0.491541 0.558013
2263 0.499904 0.529417
2264 0.522607 0.511406
2265 0.542125 0.552986
2266 0.551936 0.443964
2267 0.464093 0.477581
2268 0.469794 0.482087
2269 0.54293 0.556502
2270 0.389317 0.612526
2271 0.582049 0.45598
2272 0.492665 0.483116
2273 0.543931 0.467498
2274 0.498457 0.492693
2275 0.513561 0.554904
2276 0.463744 0.55415
2277 0.46435 0.481608
2278 0.545723 0.474394
2279 0.461909 0.570826
2280 0.532211 0.476214
2281 0.507275 0.521147
2282 0.537594 0.536961
2283 0.545723 0.474394
2284 0.459218 0.558644
2285 0.590437 0.549419
2286 0.469799 0.481707
2287 0.467047 0.535006
2288 0.541746 0.550982
2289 0.496497 0.50508
2290 0.511135 0.455273
2291 0.556762 0.544177
2292 0.412298 0.434136
2293 0.467686 0.48947
2294 0.530337 0.529561
2295 0.466076 0.554089
2296 0.542374 0.549307
2297 0.505885 0.496639
2298 0.46772 0.474485
2299 0.500891 0.518769
2300 0.526552 0.547389
2301 0.516635 0.535341
2302 0.52946 0.591186
2303 0.446333 0.574422
2304 0.511578 0.521561
2305 0.512582 0.485724
2306 0.534959 0.60739
2307 0.410762 0.426306
2308 0.5704 0.519295
2309 0.478928 0.485598
2310 0.431535 0.491039
2311 0.435314 0.538927
2312 0.446471 0.438806
2313 0.470806 0.508813
2314 0.491958 0.550419
2315 0.544463 0.530414
2316 0.468246 0.499647
2317 0.548926 0.550926
2318 0.51533 0.511751
2319 0.495847 0.494705
2320 0.511844 0.441826
2321 0.47785 0.448294
2322 0.550762 0.504028
2323 0.483048 0.474343
2324 0.40226 0.512872
2325 0.390166 0.585256
2326 0.411254 0.486488
2327 0.507949 0.516338
2328 0.45917 0.477321
2329 0.547754 0.430511
2330 0.534265 0.543063
2331 0.473621 0.486951
2332 0.366563 0.514166
2333 0.49113 0.497842
2334 0.50423 0.519355
2335 0.48946 0.523573
2336 0.541335 0.584334
2337 0.478897 0.541944
2338 0.568393 0.461328
2339 0.48384 0.486099
2340 0.565907 0.469769
2341 0.515218 0.498422
2342 0.508528 0.519666
2343 0.499035 0.533683
2344 0.427285 0.437401
2345 0.455666 0.464893
2346 0.504701 0.518341
2347 0.501397 0.515795
2348 0.519385 0.521772
2349 0.507371 0.520055
2350 0.597693 0.419919
2351 0.541873 0.552449
2352 0.507977 0.512908
2353 0.54478 0.547829
2354 0.569456 0.545821
2355 0.543351 0.485701
2356 0.442705 0.5281
2357 0.471728 0.524068
2358 0.460924 0.50389
2359 0.556397 0.49817
2360 0.463233 0.580226
2361 0.586585 0.597655
2362 0.54221 0.551433
2363 0.583356 0.566136
2364 0.468741 0.542468
2365 0.537186 0.508594
2366 0.496556 0.489194
2367 0.489485 0.499314
2368 0.506991 0.508678
2369 0.46475 0.523
2370 0.586578 0.544228
2371 0.544798 0.457945
2372 0.498509 0.448479
2373 0.469501 0.549451
2374 0.526705 0.556088
2375 0.533599 0.510959
2376 0.459826 0.523698
2377 0.49438 0.500174
2378 0.383575 0.63425
2379 0.416104 0.521686
2380 0.483895 0.492597
2381 0.472114 0.551446
2382 0.538364 0.559537
2383 0.506783 0.536997
2384 0.514407 0.506498
2385 0.51627 0.48668
2386 0.562019 0.467686
2387 0.483527 0.467743
2388 0.426037 0.587815
2389 0.498342 0.517096
2390 0.564384 0.42959
2391 0.499528 0.511093
2392 0.543707 0.554835
2393 0.424967 0.607669
2394 0.547298 0.469296
2395 0.511081 0.566199
2396 0.520054 0.51781
2397 0.579516 0.422732
2398 0.47555 0.492183
2399 0.557897 0.49842
2400 0.526872 0.466987
2401 0.500887 0.456213
2402 0.495329 0.504802
2403 0.537933 0.554244
2404 0.542448 0.530658
2405 0.496491 0.603046
2406 0.622597 0.445789
2407 0.538157 0.556913
2408 0.517871 0.516706
2409 0.516067 0.445714
2410 0.46268 0.569212
2411 0.534822 0.476671
2412 0.541484 0.486037
2413 0.505634 0.537164
2414 0.458306 0.529692
2415 0.547101 0.583794
2416 0.503753 0.54054
2417 0.508527 0.486169
2418 0.503375 0.474771
2419 0.563711 0.521578
2420 0.430783 0.579074
2421 0.45124 0.551162
2422 0.454897 0.46239
2423 0.505093 0.479839
2424 0.463273 0.557666
2425 0.550427 0.510995
2426 0.448445 0.544874
2427 0.512968 0.484628
2428 0.53183 0.542995
2429 0.462595 0.465656
2430 0.513917 0.522346
2431 0.501958 0.529515
2432 0.566552 0.429259
2433 0.459527 0.558917
2434 0.522022 0.527029
2435 0.406675 0.547244
2436 0.511185 0.512225
2437 0.543985 0.474172
2438 0.504216 0.511645
2439 0.56298 0.436333
2440 0.466281 0.552009
2441 0.485191 0.507691
2442 0.546838 0.546566
2443 0.543308 0.457726
2444 0.593317 0.422314
2445 0.516666 0.493907
2446 0.559325 0.46728
2447 0.505149 0.509042
2448 0.581346 0.43872
2449 0.503129 0.514871
2450 0.498574 0.501121
2451 0.550662 0.522447
2452 0.42528 0.540195
2453 0.547485 0.477036
2454 0.481538 0.565265
2455 0.453416 0.461432
2456 0.530866 0.499452
2457 0.579642 0.52918
2458 0.538861 0.553216
2459 0.544808 0.47297
2460 0.5355 0.516136
2461 0.4843 0.488175
2462 0.498849 0.457411
2463 0.507729 0.499051
2464 0.49949 0.511666
2465 0.506076 0.489255
2466 0.479013 0.515724
2467 0.542644 0.548973
2468 0.508401 0.516101
2469 0.497605 0.506141
2470 0.509824 0.525244
2471 0.537536 0.509743
2472 0.532631 0.557135
2473 0.493475 0.514749
2474 0.524559 0.492845
2475 0.525633 0.402603
2476 0.495433 0.516019
2477 0.552243 0.422438
2478 0.555964 0.585889
2479 0.511963 0.50576
2480 0.460344 0.555521
2481 0.502185 0.499336
2482 0.503944 0.56572
2483 0.487521 0.516445
2484 0.504261 0.499804
2485 0.52971 0.596195
2486 0.489115 0.530889
2487 0.602519 0.504875
2488 0.459584 0.486297
2489 0.576463 0.474704
2490 0.543305 0.550719
2491 0.54457 0.474528
2492 0.498098 0.50183
2493 0.461566 0.558402
2494 0.482688 0.506931
2495 0.5122 0.520176
2496 0.514191 0.439036
2497 0.50976 0.510976
2498 0.503005 0.471605
2499 0.516485 0.51923
2500 0.583806 0.594997
2501 0.505202 0.510333
2502 0.464701 0.485347
2503 0.48526 0.48758
2504 0.51957 0.515253
2505 0.515441 0.49488
2506 0.554086 0.614204
2507 0.522406 0.573282
2508 0.542742 0.550262
2509 0.508112 0.520529
2510 0.505047 0.514487
2511 0.56527 0.498345
2512 0.493499 0.523114
2513 0.490512 0.51132
2514 0.537409 0.592977
2515 0.543046 0.477194
2516 0.379229 0.432359
2517 0.528869 0.516998
2518 0.506751 0.510365
2519 0.50842 0.519693
2520 0.505583 0.436133
2521 0.519813 0.514241
2522 0.467197 0.554086
2523 0.511056 0.493389
2524 0.48962 0.52621
2525 0.554868 0.479876
2526 0.457928 0.555579
2527 0.524817 0.474801
2528 0.534065 0.532048
2529 0.587996 0.466171
2530 0.452542 0.518903
2531 0.542176 0.475025
2532 0.455149 0.515852
2533 0.542351 0.524341
2534 0.554291 0.497166
2535 0.523026 0.535715
2536 0.454498 0.451847
2537 0.507022 0.511347
2538 0.539277 0.554948
2539 0.464195 0.487554
2540 0.529613 0.477881
2541 0.508825 0.49895
2542 0.514774 0.51626
2543 0.556516 0.469755
2544 0.466808 0.494542
2545 0.506518 0.515531
2546 0.430685 0.595697
2547 0.548135 0.556924
2548 0.548052 0.554918
2549 0.404147 0.526443
2550 0.539821 0.551744
2551 0.459913 0.522261
2552 0.443882 0.552081
2553 0.493845 0.552453
2554 0.510726 0.522757
2555 0.479734 0.55543
2556 0.493014 0.523096
2557 0.4359 0.512469
2558 0.538121 0.549649
2559 0.541774 0.524053
2560 0.512954 0.508492
2561 0.465842 0.473763
2562 0.507398 0.527458
2563 0.516264 0.504737
2564 0.508359 0.523648
2565 0.540022 0.475632
2566 0.506398 0.506275
2567 0.514083 0.474436
2568 0.393987 0.503085
2569 0.55953 0.422866
2570 0.574362 0.600451
2571 0.527929 0.555673
2572 0.574478 0.543581
2573 0.496539 0.504719
2574 0.437552 0.593694
2575 0.479277 0.537283
2576 0.529115 0.470798
2577 0.498744 0.524468
2578 0.545027 0.553399
2579 0.470265 0.480079
2580 0.492693 0.533242
2581 0.498329 0.526676
2582 0.506341 0.513675
2583 0.508569 0.501878
2584 0.481403 0.52437
2585 0.478728 0.490179
2586 0.45631 0.570832
2587 0.458177 0.477335
2588 0.457216 0.611528
2589 0.510507 0.512241
2590 0.538082 0.623518
2591 0.461432 0.573093
2592 0.545003 0.554654
2593 0.397734 0.549505
2594 0.512494 0.45579
2595 0.470417 0.484841
2596 0.540318 0.489756
2597 0.391329 0.504266
2598 0.475351 0.477952
2599 0.54191 0.498977
2600 0.528707 0.520354
2601 0.515709 0.511137
2602 0.462852 0.467991
2603 0.502463 0.477993
2604 0.505684 0.513036
2605 0.549862 0.538087
2606 0.431008 0.545717
2607 0.431514 0.491039
2608 0.385021 0.574458
2609 0.399025 0.673517
2610 0.459077 0.516866
2611 0.481218 0.552318
2612 0.576852 0.47496
2613 0.544149 0.553008
2614 0.458523 0.469256
2615 0.469248 0.50413
2616 0.543645 0.553681
2617 0.525309 0.471283
2618 0.440244 0.578621
2619 0.542555 0.476263
2620 0.498068 0.506151
2621 0.524024 0.550323
2622 0.510414 0.552968
2623 0.49639 0.544624
2624 0.555694 0.5449
2625 0.524388 0.484409
2626 0.497353 0.501379
2627 0.467108 0.472214
2628 0.45326 0.472999
2629 0.525135 0.535562
2630 0.434197 0.418013
2631 0.506554 0.518105
2632 0.468273 0.554463
2633 0.515212 0.625375
2634 0.579731 0.41643
2635 0.56968 0.497811
2636 0.567616 0.546413
2637 0.504554 0.486353
2638 0.46591 0.475103
2639 0.518881 0.509064
2640 0.565631 0.481265
2641 0.547395 0.579312
2642 0.421323 0.45551
2643 0.537426 0.499759
2644 0.485279 0.515855
2645 0.4428 0.614509
2646 0.508772 0.508598
2647 0.466885 0.558289
2648 0.501813 0.53146
2649 0.500562 0.500971
2650 0.502433 0.524428
2651 0.525519 0.51441
2652 0.522993 0.480662
2653 0.502057 0.524453
2654 0.521889 0.47859
2655 0.518091 0.522775
2656 0.494351 0.502519
2657 0.455661 0.471602
2658 0.492908 0.547575
2659 0.515423 0.553514
2660 0.498237 0.556558
2661 0.506377 0.529498
2662 0.48673 0.508631
2663 0.476885 0.480604
2664 0.50823 0.533871
2665 0.50337 0.531914
2666 0.616355 0.455246
2667 0.502912 0.519305
2668 0.513301 0.571275
2669 0.464364 0.558493
2670 0.503284 0.515536
2671 0.544309 0.475553
2672 0.523845 0.566202
2673 0.557299 0.55714
2674 0.548344 0.471555
2675 0.516863 0.523717
2676 0.542948 0.557724
2677 0.487648 0.521412
2678 0.623369 0.348869
2679 0.474798 0.485179
2680 0.453148 0.476254
2681 0.420141 0.519944
2682 0.49797 0.518057
2683 0.539478 0.560901
2684 0.521007 0.51334
2685 0.44816 0.481295
2686 0.605357 0.591275
2687 0.54711 0.557574
2688 0.509955 0.518756
2689 0.508572 0.523884
2690 0.527721 0.438535
2691 0.504246 0.526542
2692 0.556903 0.478379
2693 0.507046 0.474729
2694 0.522973 0.546171
2695 0.557271 0.531551
2696 0.50955 0.502767
2697 0.517281 0.526953
2698 0.507022 0.515739
2699 0.498724 0.551541
2700 0.467805 0.477186
2701 0.507324 0.538048
2702 0.515471 0.467232
2703 0.481912 0.521144
2704 0.581583 0.597112
2705 0.501213 0.5187
2706 0.545585 0.486145
2707 0.450299 0.491852
