0 0.412507 0.362922
1 0.368927 0.318358
2 0.42831 0.358317
3 0.470826 0.385078
4 0.473795 0.353838
5 0.178135 0.652227
6 0.296343 0.640452
7 0.0988216 0.64378
8 0.559535 0.370077
9 0.553982 0.46907
10 0.472557 0.465546
11 0.552377 0.384497
12 0.558191 0.418319
13 0.590402 0.436983
14 0.445803 0.349912
15 0.497501 0.371365
16 0.553919 0.427079
17 0.504748 0.4233
18 0.498628 0.379418
19 0.495854 0.547659
20 0.573924 0.624188
21 0.596119 0.624214
22 0.528909 0.630611
23 0.551378 0.582138
24 0.240185 0.363966
25 0.112508 0.338158
26 0.236348 0.391565
27 0.199884 0.330945
28 0.495854 0.547659
29 0.698773 0.541847
30 0.741074 0.627037
31 0.874456 0.600106
32 0.667051 0.570722
33 0.792568 0.556662
34 0.781019 0.56179
35 0.687431 0.587847
36 0.607368 0.724747
37 0.535722 0.730361
38 0.297329 0.261548
39 0.344224 0.107075
40 0.525907 0.729078
41 0.505627 0.74687
42 0.551318 0.721889
43 0.367095 0.601321
44 0.486448 0.396224
45 0.505954 0.411135
46 0.487054 0.3728
47 0.495854 0.547659
48 0.494994 0.431423
49 0.651566 0.585525
50 0.718249 0.563685
51 0.709357 0.521388
52 0.687102 0.551751
53 0.593109 0.54884
54 0.529849 0.606842
55 0.527859 0.665316
56 0.588085 0.706471
57 0.566972 0.426573
58 0.530339 0.749825
59 0.546857 0.674474
60 0.503511 0.437971
61 0.22799 0.667162
62 0.225655 0.710731
63 0.184958 0.690337
64 0.224838 0.900926
65 0.468516 0.625499
66 0.559437 0.473777
67 0.567136 0.506
68 0.58284 0.424956
69 0.502612 0.457569
70 0.505046 0.487415
71 0.568877 0.40551
72 0.499021 0.503556
73 0.532861 0.412325
74 0.525446 0.426918
75 0.672972 0.58957
76 0.563026 0.601358
77 0.529094 0.566001
78 0.542874 0.582246
79 0.532167 0.520588
80 0.579785 0.505815
81 0.452285 0.339164
82 0.453038 0.345343
83 0.45533 0.312168
84 0.499809 0.319658
85 0.459078 0.361765
86 0.484368 0.363029
87 0.471529 0.38842
88 0.44565 0.337908
89 0.311809 0.33162
90 0.286905 0.322591
91 0.338767 0.295016
92 0.639426 0.726854
93 0.592708 0.690555
94 0.678867 0.845038
95 0.639736 0.729466
96 0.654189 0.741734
97 0.578931 0.74509
98 0.638511 0.726103
99 0.560738 0.670614
100 0.460581 0.639662
101 0.413873 0.616003
102 0.566444 0.616887
103 0.279354 0.412628
104 0.251063 0.384827
105 0.450879 0.342506
106 0.444486 0.359127
107 0.20297 0.324018
108 0.605574 0.559008
109 0.534701 0.654001
110 0.461781 0.584501
111 0.380478 0.346726
112 0.376023 0.309057
113 0.321142 0.289674
114 0.366887 0.343488
115 0.704241 0.556226
116 0.644383 0.48983
117 0.606259 0.462131
118 0.571548 0.418851
119 0.640032 0.508124
120 0.501224 0.444539
121 0.527106 0.454006
122 0.552847 0.46994
123 0.2116 0.344722
124 0.213395 0.36584
125 0.584057 0.434294
126 0.584777 0.413717
127 0.626984 0.456367
128 0.660211 0.491082
129 0.426622 0.304
130 0.371337 0.333783
131 0.404979 0.301486
132 0.374769 0.320685
133 0.324046 0.365196
134 0.361931 0.320534
135 0.326323 0.303197
136 0.18343 0.684995
137 0.163534 0.618127
138 0.617559 0.52542
139 0.579614 0.571824
140 0.64659 0.773141
141 0.716491 0.548514
142 0.655326 0.619092
143 0.716425 0.549349
144 0.552128 0.657276
145 0.485711 0.37275
146 0.555344 0.311127
147 0.555291 0.311666
148 0.509636 0.51488
149 0.470015 0.513426
150 0.509636 0.51488
151 0.451532 0.420099
152 0.562848 0.406368
153 0.523745 0.32217
154 0.274817 0.418964
155 0.261023 0.400615
156 0.22546 0.422664
157 0.220548 0.349141
158 0.435749 0.610395
159 0.497804 0.67215
160 0.570323 0.73163
161 0.570305 0.731461
162 0.570272 0.731169
163 0.496144 0.358519
164 0.55863 0.396349
165 0.499563 0.361911
166 0.619488 0.513033
167 0.6003 0.493345
168 0.582596 0.476783
169 0.709932 0.520031
170 0.3066 0.301876
171 0.354695 0.322813
172 0.331926 0.237918
173 0.316803 0.260924
174 0.346225 0.201784
175 0.451939 0.409431
176 0.507171 0.338306
177 0.666668 0.746924
178 0.617607 0.68987
179 0.642311 0.719993
180 0.560851 0.481973
181 0.488206 0.410052
182 0.487875 0.411062
183 0.496244 0.340532
184 0.42609 0.393758
185 0.524694 0.313043
186 0.425126 0.385487
187 0.332194 0.261682
188 0.159733 0.598173
189 0.259142 0.669164
190 0.234406 0.708405
191 0.229224 0.719335
192 0.239405 0.689872
193 0.573844 0.618125
194 0.499872 0.673098
195 0.508219 0.676839
196 0.295474 0.288981
197 0.239481 0.389147
198 0.476758 0.38185
199 0.480875 0.362378
200 0.434107 0.407791
201 0.546534 0.367227
202 0.504977 0.445968
203 0.474376 0.428713
204 0.640989 0.522044
205 0.624003 0.568277
206 0.541024 0.579904
207 0.571234 0.45002
208 0.582237 0.420688
209 0.4318 0.489237
210 0.483468 0.432306
211 0.43403 0.480941
212 0.532793 0.496054
213 0.525375 0.430423
214 0.539138 0.389472
215 0.718759 0.57222
216 0.720074 0.663148
217 0.763574 0.571632
218 0.704973 0.554486
219 0.577771 0.587175
220 0.545715 0.543034
221 0.513504 0.40138
222 0.502065 0.408117
223 0.502065 0.408117
224 0.43131 0.479666
225 0.560741 0.482323
226 0.569882 0.596169
227 0.58887 0.568395
228 0.62062 0.516227
229 0.595672 0.567937
230 0.330104 0.335743
231 0.528556 0.556534
232 0.602573 0.616898
233 0.235088 0.365481
234 0.386712 0.39831
235 0.409074 0.310442
236 0.403606 0.307651
237 0.460716 0.350037
238 0.383384 0.34094
239 0.320324 0.23552
240 0.599641 0.662697
241 0.606987 0.740989
242 0.525537 0.720432
243 0.612616 0.686503
244 0.364005 0.32596
245 0.389552 0.355893
246 0.390843 0.278547
247 0.550515 0.453763
248 0.483378 0.372198
249 0.476614 0.362674
250 0.247015 0.401182
251 0.516284 0.40337
252 0.443545 0.336638
253 0.499434 0.328462
254 0.270341 0.408394
255 0.210609 0.328063
256 0.291868 0.27715
257 0.48569 0.442612
258 0.311184 0.380086
259 0.479905 0.326757
260 0.571873 0.454768
261 0.406001 0.417063
262 0.429548 0.312158
263 0.302154 0.806295
264 0.423651 0.785804
265 0.65384 0.502665
266 0.716124 0.574468
267 0.596705 0.574299
268 0.509687 0.522072
269 0.437256 0.451603
270 0.498933 0.536207
271 0.509687 0.522072
272 0.495854 0.547659
273 0.540388 0.406369
274 0.594804 0.67063
275 0.596999 0.726721
276 0.516366 0.727772
277 0.428613 0.388719
278 0.500752 0.323355
279 0.369835 0.660285
280 0.377788 0.679574
281 0.370088 0.262991
282 0.448658 0.372952
283 0.401846 0.325436
284 0.515455 0.509555
285 0.685939 0.772164
286 0.525978 0.633788
287 0.597386 0.56312
288 0.626775 0.53005
289 0.554011 0.456244
290 0.674128 0.547319
291 0.611326 0.521936
292 0.475149 0.451973
293 0.475998 0.435765
294 0.194439 0.318689
295 0.257171 0.394719
296 0.249426 0.383848
297 0.438605 0.392407
298 0.401009 0.736891
299 0.444123 0.800808
300 0.296809 0.819879
301 0.479323 0.758169
302 0.617818 0.457919
303 0.575328 0.699984
304 0.548887 0.68533
305 0.233043 0.298398
306 0.792297 0.57777
307 0.682846 0.739672
308 0.422282 0.385453
309 0.512693 0.336958
310 0.49618 0.595495
311 0.389989 0.359575
312 0.444908 0.346654
313 0.433011 0.387184
314 0.225904 0.340385
315 0.268383 0.325954
316 0.333395 0.393911
317 0.697064 0.545123
318 0.658264 0.552563
319 0.703238 0.49845
320 0.649726 0.502856
321 0.641631 0.547445
322 0.411732 0.382029
323 0.495125 0.302593
324 0.329148 0.34603
325 0.337899 0.262499
326 0.590199 0.428889
327 0.520698 0.44096
328 0.466752 0.476975
329 0.57592 0.4112
330 0.288929 0.301337
331 0.35283 0.297833
332 0.294635 0.360913
333 0.298572 0.357164
334 0.323256 0.351141
335 0.638805 0.562361
336 0.661022 0.69086
337 0.614062 0.730264
338 0.689214 0.696951
339 0.588593 0.388834
340 0.654307 0.468575
341 0.197927 0.639914
342 0.245977 0.645314
343 0.235835 0.629776
344 0.315087 0.795272
345 0.336113 0.790077
346 0.377636 0.361873
347 0.516111 0.446417
348 0.594969 0.486074
349 0.677182 0.494755
350 0.577391 0.508362
351 0.312288 0.355594
352 0.357846 0.323437
353 0.380119 0.316951
354 0.314369 0.291436
355 0.359088 0.311999
356 0.604547 0.696234
357 0.611157 0.699588
358 0.589685 0.748365
359 0.358883 0.586428
360 0.379734 0.643981
361 0.673906 0.750671
362 0.511465 0.404804
363 0.653104 0.514609
364 0.496371 0.356884
365 0.289354 0.317102
366 0.366433 0.365694
367 0.342109 0.382112
368 0.772742 0.649049
369 0.783738 0.548619
370 0.535967 0.345771
371 0.476618 0.393092
372 0.460045 0.324152
373 0.536183 0.326428
374 0.609153 0.58106
375 0.609269 0.507813
376 0.543911 0.507799
377 0.660038 0.43251
378 0.591508 0.504678
