dimension is [6, 16]
0.6666666666666666
0.6666666666666666
0.6666666666666666
0.6666666666666666


dimension is [6, 16]
0.6666666666666666
0.6666666666666666
0.6666666666666666
0.6666666666666666


dimension is [6, 16]
0.6666666666666666
0.6666666666666666
0.6666666666666666
0.6666666666666666


dimension is [6, 16]
0.6666666666666666
0.6666666666666666
0.6666666666666666
0.6666666666666666


dimension is [6, 16]
1.0
0.6666666666666666
1.0
1.0


dimension is [6, 16]
1.0
0.6666666666666666
1.0
1.0


dimension is [8, 16]
1.0
1.0
1.0


dimension is [6, 16]
1.0
0.6666666666666666
1.0
1.0


dimension is [6, 16]
1.0
0.6666666666666666
1.0
1.0


dimension is [6, 3]
0.5
0.6666666666666666
1.0
1.0


dimension is [6, 6]
0.6666666666666666
1.0
1.0
1.0


dimension is [6, 4]
0.5
1.0
1.0
1.0


dimension is [6, 8]
0.5
1.0
1.0
1.0


dimension is [6, 8]
1.0
1.0


